26 12 25 62 32 20 17 43 13 19 19 51 11 13 27 18 27 14 21 16 18 17 34 19 9 27 18 34 14 17 32 17 14 31 15 28 15 27 27 20 31 22 33 17 17 22 18 100 25 21 26 18 37 22 29 38 29 26 24 49 25 33 38 21 31 73 22 11 9 30 24 33 19 28 26 24 27 21 10 29 21 12 23 36 27 20 33 31 14 14 30 30 26 18 10 19 26 18 40 55 
18 11 17 31 22 21 17 23 9 10 13 30 20 14 21 14 17 21 17 7 23 19 24 18 26 19 18 18 23 16 18 18 17 10 26 23 17 51 17 23 21 19 22 19 15 10 21 64 11 18 21 16 48 14 32 18 27 13 28 34 22 18 26 29 27 240 25 15 13 19 27 12 23 18 29 28 23 25 19 6 12 10 37 11 26 18 21 22 14 10 22 27 30 36 19 38 15 16 14 34 
14 12 20 31 12 19 13 19 20 9 14 19 17 24 23 27 12 19 10 17 28 18 19 26 26 18 15 30 21 31 35 24 15 20 18 18 24 22 17 8 33 21 17 27 25 16 20 219 12 20 35 27 51 14 31 16 17 28 36 15 29 21 17 20 20 26 27 9 19 36 21 20 25 22 24 34 27 30 14 14 16 9 16 19 35 21 15 12 16 15 24 15 28 45 12 31 20 26 30 15 
9 21 16 13 16 5 17 19 19 14 9 15 19 18 26 11 10 13 21 12 18 15 11 14 23 34 22 18 21 22 33 27 14 22 19 17 10 23 15 9 18 23 11 23 8 12 16 49 18 28 65 20 30 16 27 12 16 16 25 14 17 11 16 11 19 11 34 17 40 10 32 19 25 19 32 13 32 17 12 14 12 24 10 15 20 14 9 11 23 18 19 27 12 14 21 29 13 31 21 16 
23 22 28 23 17 26 16 24 19 21 19 19 23 20 12 20 11 13 31 19 13 17 14 20 5 24 16 12 14 14 23 15 25 13 17 26 19 15 11 13 23 16 16 19 12 23 23 2 16 19 29 15 5 15 24 19 12 14 21 10 30 15 27 19 19 5 22 26 16 24 21 18 11 22 17 17 18 27 27 18 28 25 10 27 14 26 16 19 14 26 17 34 15 18 25 20 20 16 22 22 
4 13 15 8 5 12 4 4 2 8 6 6 4 8 5 3 8 4 5 8 3 15 6 5 10 4 6 6 8 6 6 10 5 4 6 4 10 5 0 4 4 1 3 4 9 5 4 2 10 3 3 5 6 4 6 7 6 7 6 5 12 4 4 5 9 4 9 3 11 5 4 10 4 6 4 9 10 9 7 4 3 8 6 1 5 11 9 10 7 5 3 10 6 4 8 6 3 5 2 5 
24 16 16 19 19 17 19 18 11 12 10 15 12 15 13 18 9 21 17 12 13 19 15 14 15 23 18 5 16 12 8 15 16 22 14 22 13 17 14 21 17 34 23 22 16 14 13 11 18 16 8 16 14 11 6 15 15 20 17 12 13 12 14 26 16 5 17 12 27 19 20 19 18 17 21 14 21 20 18 18 11 16 26 16 15 23 20 11 9 25 10 23 20 13 18 21 31 24 18 19 
8 8 11 5 8 6 8 9 10 8 10 14 12 8 6 4 6 6 5 14 4 7 5 6 10 9 2 5 11 6 9 14 17 11 9 12 11 6 6 8 8 11 4 8 7 8 10 1 12 7 8 10 13 13 10 5 12 8 8 5 25 9 10 4 4 3 15 7 9 9 6 4 6 10 7 8 6 8 6 9 6 9 10 8 2 18 6 7 11 7 7 13 8 5 5 4 3 7 5 6 
5 13 11 3 8 6 20 9 8 6 10 17 12 13 15 10 12 9 10 9 9 12 10 6 6 8 10 10 9 13 5 5 12 8 7 8 10 7 16 10 11 11 7 4 4 7 16 3 21 4 7 11 7 8 13 18 17 3 17 5 7 7 5 5 12 7 8 9 7 13 12 7 5 15 10 10 4 7 9 7 8 6 12 7 3 14 12 5 13 7 4 7 6 7 10 10 9 14 7 13 
10 14 6 14 9 9 4 15 7 16 12 1 8 8 9 8 5 9 8 10 9 10 7 2 6 8 7 9 5 8 12 7 11 7 7 12 8 7 5 9 6 18 10 13 13 12 11 4 6 8 4 7 4 10 12 4 12 4 4 0 6 8 1 5 4 3 6 10 12 10 12 4 15 9 8 4 6 5 8 5 7 15 18 6 7 9 7 8 9 13 5 7 6 4 7 4 7 15 7 7 
7 7 6 3 7 4 4 2 4 10 4 8 8 0 3 6 4 2 1 3 10 8 4 8 4 5 8 6 3 2 8 2 4 10 6 3 8 9 7 10 7 4 2 2 7 3 7 2 6 9 0 5 2 8 4 4 9 5 9 5 5 5 4 5 6 4 8 6 6 3 5 7 5 8 4 1 5 4 6 7 8 8 5 6 2 4 8 5 3 4 4 9 7 0 6 5 10 11 3 6 
10 17 10 13 16 11 15 20 12 13 51 6 15 17 27 16 19 18 15 19 18 20 22 9 13 23 14 20 17 28 19 19 19 12 14 27 9 11 20 19 24 14 6 14 25 20 7 6 29 23 14 11 15 15 10 19 22 11 12 6 10 14 25 14 12 3 24 11 13 12 12 7 18 20 17 11 22 20 10 25 16 18 20 7 17 16 21 19 9 15 16 17 15 27 13 15 8 7 11 10 
11 9 22 10 21 26 27 24 5 24 12 22 9 17 13 14 17 15 9 14 20 12 13 31 14 26 11 20 13 18 7 21 22 16 20 17 34 17 14 17 12 20 10 25 18 15 28 5 19 14 21 10 16 33 14 19 20 16 19 15 24 25 24 12 27 22 28 7 19 9 13 33 15 25 21 20 19 21 14 31 12 26 13 22 6 24 18 27 21 22 15 24 13 15 15 25 22 17 22 15 
6 6 6 6 6 4 13 17 9 29 6 10 12 11 8 4 8 6 9 3 12 6 3 5 5 8 12 11 9 12 9 7 11 7 13 8 6 8 14 10 13 15 7 10 8 9 5 2 9 2 4 16 3 5 9 10 7 8 15 4 12 8 10 13 2 3 7 9 4 13 6 2 1 10 9 9 4 8 13 7 12 8 9 8 7 10 7 9 7 11 7 5 1 2 12 10 8 14 9 10 
11 20 9 8 12 15 8 11 8 7 6 8 8 8 9 7 7 8 16 12 14 7 4 12 14 17 14 18 4 9 7 8 15 4 5 12 7 6 5 11 13 8 6 13 14 16 11 5 8 10 7 7 6 9 9 10 6 13 8 16 11 15 7 9 13 5 11 15 12 4 13 15 9 10 11 14 12 16 12 7 16 13 9 16 12 12 9 10 12 13 9 8 11 11 12 14 12 11 12 16 
9 6 16 11 10 8 8 18 6 15 11 7 4 9 13 6 9 20 18 10 8 14 7 8 13 7 9 8 13 4 12 18 16 14 8 12 10 16 6 18 15 11 12 10 6 8 7 1 9 8 16 6 19 11 5 6 14 10 7 6 10 5 11 3 11 5 10 12 10 13 20 9 9 8 7 13 6 8 9 6 25 18 13 9 9 10 2 3 18 8 9 9 8 7 8 5 9 11 6 3 
3 6 9 5 4 2 7 3 6 4 6 6 8 10 3 5 4 8 3 8 6 8 10 7 5 7 7 12 3 6 5 8 7 5 2 6 4 8 7 3 2 7 4 6 10 4 8 3 10 15 4 6 2 4 8 3 7 7 8 7 5 9 3 2 2 3 4 6 7 8 5 6 7 6 6 9 5 8 7 2 5 8 6 8 6 9 10 10 2 2 6 7 9 2 8 13 7 6 3 6 
4 5 8 6 5 9 8 3 2 13 14 4 8 9 3 4 6 11 7 10 6 3 6 8 15 16 5 5 5 5 4 8 8 6 4 11 7 6 3 4 7 10 6 4 8 7 2 1 9 7 9 5 11 4 13 2 6 2 8 2 8 4 5 11 4 6 5 4 15 4 6 9 9 6 8 1 7 3 8 8 5 3 5 7 4 5 9 13 5 9 8 9 6 1 8 11 12 9 14 14 
21 20 20 24 28 23 24 16 10 19 11 13 27 15 20 18 22 17 26 7 12 16 14 15 20 26 22 13 17 9 30 16 26 17 22 19 8 14 21 24 22 24 20 17 20 17 19 13 27 24 17 14 14 14 12 6 21 25 5 15 22 34 35 16 17 27 18 22 23 15 14 24 18 19 22 11 11 21 18 14 14 13 9 23 15 12 11 23 34 12 20 29 14 17 16 16 14 23 13 17 
18 28 26 18 21 34 29 22 18 33 32 30 28 26 17 38 12 23 14 22 31 20 21 19 13 20 31 19 14 24 13 44 40 21 12 19 23 22 26 33 11 25 22 18 30 15 27 6 33 26 16 24 5 16 14 17 32 24 18 22 20 20 13 23 23 10 27 33 27 18 18 12 21 20 26 31 13 31 27 13 16 31 35 18 29 28 30 25 11 37 23 26 17 38 19 20 22 19 16 26 
10 10 7 9 4 15 16 23 8 11 9 4 3 7 2 13 6 10 11 9 12 9 2 8 6 9 8 15 12 3 4 4 13 13 4 6 11 4 5 10 7 12 10 13 10 5 9 3 8 10 15 10 2 11 11 14 21 9 6 10 6 2 6 9 11 4 12 14 8 6 9 13 10 10 8 3 5 8 14 8 6 7 8 12 14 1 10 10 6 7 9 5 16 4 13 8 6 20 13 8 
10 13 12 5 12 16 14 8 31 13 28 11 9 20 12 30 17 14 18 9 12 15 9 8 9 19 6 17 14 9 7 15 14 8 11 10 19 7 12 17 18 9 20 14 10 18 6 6 23 19 6 13 5 7 20 10 8 9 8 6 16 10 11 13 21 7 10 8 8 10 17 13 11 15 9 20 12 13 11 23 10 7 13 8 10 14 9 13 10 16 6 3 10 4 10 15 13 8 14 3 
33 18 20 22 30 17 33 18 19 21 27 20 20 28 19 26 23 31 23 20 22 23 28 24 17 24 23 21 50 23 28 29 30 33 18 24 23 17 20 19 17 13 14 23 17 14 23 9 29 15 21 22 37 25 25 20 18 12 26 19 25 18 23 18 29 16 23 11 18 20 24 21 24 19 27 15 25 32 18 26 37 20 14 28 13 28 39 20 20 30 21 32 22 33 26 19 23 12 30 18 
0 2 5 4 1 2 0 6 5 1 1 4 3 2 2 2 4 3 3 1 2 1 4 1 2 3 1 5 0 2 1 2 1 2 1 1 0 5 1 1 3 1 2 0 1 1 1 2 7 4 0 1 2 0 1 1 0 2 3 0 1 4 1 1 2 1 2 2 1 2 2 0 3 2 1 5 2 2 1 4 4 1 5 3 1 1 0 6 4 1 2 2 2 2 1 1 3 3 2 1 
21 11 4 15 20 17 10 13 25 20 18 11 18 21 11 13 19 17 18 12 14 12 18 21 32 19 23 15 38 8 12 18 25 15 10 20 23 12 19 20 27 25 31 15 32 25 13 4 32 22 7 15 19 10 22 13 19 16 12 11 28 25 12 15 17 7 20 21 18 12 16 15 11 14 7 20 23 37 18 15 12 22 13 13 15 20 15 13 13 9 12 15 27 29 20 14 18 11 18 20 
18 16 12 16 12 12 10 15 6 12 7 10 3 14 12 6 11 12 12 9 18 33 10 14 12 16 13 11 10 9 7 13 14 13 22 20 23 4 11 16 8 4 9 9 16 21 12 9 14 19 9 8 15 14 8 8 12 11 20 13 14 14 11 13 17 13 16 9 11 4 12 19 9 19 23 11 12 14 19 17 16 18 16 16 18 17 11 23 7 14 13 9 17 5 11 11 8 18 9 15 
26 14 27 13 11 18 17 12 13 18 22 13 12 7 13 7 15 12 17 17 16 26 15 12 13 16 10 12 19 16 9 10 13 19 11 18 31 15 10 15 20 25 13 19 16 16 12 7 20 13 14 16 22 8 11 13 11 25 13 20 11 17 15 15 12 6 11 14 16 9 12 6 25 15 10 16 19 8 19 15 14 12 8 14 24 10 25 11 71 15 14 19 21 21 16 26 28 15 20 22 
