39 22 39 44 58 40 58 27 31 48 32 16 21 51 43 26 46 22 34 22 30 65 23 30 24 40 47 41 42 54 127 20 264 29 46 31 26 53 27 110 42 35 33 18 28 54 37 34 31 51 30 33 49 30 28 43 26 62 29 19 
24 16 23 44 51 102 50 23 25 23 31 20 32 39 30 27 55 11 20 29 32 50 23 44 43 19 25 26 32 22 88 19 55 40 39 22 19 29 26 330 47 30 33 17 28 46 17 34 25 51 27 25 53 23 40 41 23 54 31 21 
23 12 26 28 30 80 61 29 29 28 44 14 24 72 13 29 35 19 38 38 45 47 19 33 52 27 31 34 43 47 320 28 19 52 45 11 33 46 21 45 40 46 25 14 29 37 19 41 41 40 44 23 37 26 32 45 30 38 38 24 
16 12 35 18 27 34 39 35 28 21 41 20 24 46 27 43 52 17 23 36 33 24 36 40 33 31 17 31 38 53 99 17 34 21 28 12 24 18 22 24 57 61 21 29 30 29 34 38 16 44 24 45 29 35 33 40 18 31 35 19 
39 31 36 27 38 16 29 42 31 41 35 21 25 24 37 20 23 19 40 43 27 31 20 45 44 28 25 31 38 29 13 21 20 37 33 21 56 20 41 7 44 53 15 43 25 31 34 25 34 33 45 20 28 54 28 24 32 19 53 34 
10 13 13 11 8 3 7 10 13 8 13 9 14 5 7 16 5 12 12 10 8 11 10 6 14 13 14 10 8 7 4 12 6 11 1 9 13 10 13 2 6 6 3 11 11 9 20 10 11 12 10 4 23 12 17 18 19 10 6 6 
41 21 40 26 31 19 18 29 30 18 22 31 19 22 10 35 22 20 17 27 28 24 34 36 26 28 29 31 35 28 22 31 18 13 29 16 46 21 21 8 23 34 27 37 28 28 33 26 38 29 36 15 33 37 49 37 45 34 25 23 
16 24 16 17 19 18 9 9 18 11 23 10 14 11 8 11 18 9 14 20 8 16 13 4 13 23 15 14 14 4 2 24 8 12 11 30 8 16 14 6 7 14 14 21 14 8 11 17 30 14 16 14 11 18 15 10 4 9 7 10 
13 29 13 21 14 10 11 14 18 11 14 15 18 13 18 30 9 18 10 23 11 16 13 10 11 10 21 18 25 14 8 13 15 19 9 7 17 19 15 9 18 9 10 28 15 8 29 12 21 16 26 11 6 14 14 18 22 17 14 11 
13 12 9 14 20 14 22 14 12 8 9 11 19 13 18 12 11 12 15 16 9 10 12 19 16 15 9 11 12 15 4 12 5 9 12 6 20 13 11 3 16 9 14 20 14 9 23 16 9 17 29 10 17 27 11 10 20 18 10 13 
16 7 6 6 11 4 4 9 10 6 4 8 10 4 4 9 5 5 8 9 10 7 10 12 6 14 10 16 12 14 1 19 2 6 3 17 20 6 12 3 7 8 11 18 9 7 11 13 7 5 9 12 9 4 9 11 15 10 9 7 
26 24 24 24 24 22 35 16 20 57 24 13 48 39 31 27 15 23 23 30 43 30 29 26 21 16 23 37 22 15 26 25 12 16 27 59 16 33 42 16 11 23 35 36 20 16 34 40 33 22 35 37 16 25 36 28 22 16 18 11 
28 30 16 20 31 23 28 24 27 27 31 74 31 30 22 31 22 48 29 24 25 26 22 24 22 49 37 36 36 27 12 34 23 20 36 15 25 44 31 34 28 31 33 37 21 21 29 35 35 25 34 26 51 50 35 14 39 25 42 31 
15 21 13 14 6 1 12 31 12 11 16 19 19 17 17 13 15 34 14 10 14 17 18 22 9 10 19 12 16 21 10 8 11 17 11 6 17 10 16 5 9 18 7 14 7 13 8 9 19 8 18 16 9 12 11 18 11 16 22 8 
13 22 11 26 19 6 20 22 18 13 19 29 28 12 24 20 16 28 14 14 16 12 27 27 13 19 20 16 20 15 9 10 20 16 22 12 17 13 13 8 8 23 17 14 31 11 14 20 18 14 19 13 19 19 15 20 21 20 10 20 
21 22 26 11 13 53 13 14 24 10 15 6 10 20 15 15 21 11 10 13 11 20 13 17 12 11 10 24 18 16 11 14 8 12 12 81 21 24 13 7 21 18 18 20 19 12 15 21 13 12 14 15 8 24 8 14 12 14 14 7 
4 12 14 9 4 1 12 27 9 12 3 9 11 7 10 8 14 10 7 15 9 11 19 12 11 9 10 12 7 7 5 9 4 12 8 7 11 10 18 5 9 5 10 17 21 8 6 12 12 21 11 12 6 9 7 15 10 6 8 5 
15 9 10 15 10 12 10 13 4 13 13 11 12 3 11 16 12 10 9 11 13 7 3 12 10 10 3 6 6 12 4 14 13 12 8 13 16 10 18 5 6 13 5 22 21 10 9 9 9 17 17 12 12 18 8 15 17 15 18 18 
39 49 42 43 31 21 21 21 42 21 42 49 22 17 29 22 11 43 32 19 31 44 28 27 24 31 54 27 27 27 19 56 40 23 28 20 41 14 31 42 31 21 28 47 39 23 50 23 21 25 25 25 40 28 34 19 17 35 24 29 
40 72 35 36 28 15 42 53 41 37 49 43 37 31 46 43 30 38 38 48 29 36 29 18 31 21 46 41 35 50 19 38 15 23 38 26 50 37 38 12 29 30 35 60 30 51 41 40 80 32 34 49 38 40 44 38 51 44 32 35 
17 13 12 26 5 11 12 22 6 14 12 12 13 12 19 19 9 24 11 17 27 16 13 26 8 18 18 16 25 7 6 14 13 13 18 17 12 12 13 11 30 19 17 6 29 12 21 11 15 12 11 12 14 12 14 10 8 21 10 17 
15 31 18 8 23 15 17 16 21 39 33 27 27 23 33 26 21 9 32 16 28 13 22 15 16 25 15 26 29 12 11 19 12 20 14 17 33 24 19 14 25 25 17 22 27 26 21 19 16 18 20 15 18 24 17 21 18 12 24 10 
45 39 36 35 40 63 37 24 37 39 45 27 42 36 34 34 44 51 34 45 28 35 33 30 30 56 27 51 34 26 11 49 18 36 35 143 33 40 41 14 36 39 20 56 29 40 28 35 41 32 25 37 24 45 45 53 42 34 32 30 
3 6 4 4 4 10 4 2 4 4 1 2 2 2 4 3 2 3 4 2 1 0 3 2 1 6 3 3 4 2 7 4 1 4 1 3 3 6 4 3 4 2 5 4 4 3 1 6 4 3 7 3 3 2 4 5 4 5 2 1 
28 44 18 28 36 20 25 17 29 27 23 76 46 40 32 25 28 24 39 27 37 40 15 37 33 49 21 17 23 19 14 32 26 32 27 29 46 24 38 9 24 38 32 27 15 17 17 30 23 29 16 32 37 34 33 28 30 31 23 22 
27 28 19 22 16 19 21 11 23 25 12 29 24 28 20 27 19 22 14 17 19 16 22 17 13 24 46 34 19 23 9 21 28 14 26 10 19 25 28 16 16 18 22 13 27 38 35 15 24 24 21 32 23 14 20 24 26 16 20 22 
47 17 33 30 16 17 35 22 21 28 22 18 18 11 22 30 13 34 27 20 19 13 22 19 18 25 19 37 25 10 11 23 37 24 31 22 19 27 25 10 16 27 19 27 18 16 22 18 25 23 25 51 15 33 38 29 23 39 21 199 
