0 1 3 0 0 4 0 1 0 1 
0 1 2 2 0 2 0 1 0 1 
0 0 1 1 0 2 1 2 0 2 
0 0 1 0 1 0 2 1 0 0 
0 0 2 0 1 0 0 1 0 1 
1 0 1 3 2 1 0 1 0 1 
0 2 1 0 0 3 1 1 0 1 
5 2 0 1 1 3 1 2 1 1 
1 1 3 0 0 0 0 4 0 0 
1 1 2 0 2 2 0 1 0 0 
0 0 0 0 1 2 1 1 0 0 
0 1 0 0 0 3 0 1 0 1 
2 2 2 0 0 0 0 1 0 0 
2 0 0 0 0 0 3 2 0 2 
2 0 1 0 0 3 0 1 0 3 
1 1 0 1 2 1 1 1 0 1 
6 1 2 0 0 3 2 1 0 2 
3 1 0 0 0 2 1 1 1 5 
3 1 0 1 2 0 2 2 0 2 
0 4 1 2 2 3 0 2 0 1 
0 0 3 2 4 0 1 2 0 1 
1 1 0 1 1 2 2 2 0 1 
2 1 1 2 1 2 1 1 0 2 
1 0 1 0 1 0 0 1 1 1 
1 1 3 3 3 0 1 2 1 0 
1 0 1 2 2 2 0 1 0 1 
1 1 0 2 3 0 2 2 0 1 
0 0 1 0 4 0 0 5 0 1 
0 1 1 0 3 0 0 2 0 2 
0 1 2 3 0 2 0 2 0 2 
3 0 0 0 0 4 1 1 1 1 
0 1 1 0 1 3 1 1 0 1 
0 0 0 1 2 0 0 1 1 1 
0 0 1 1 2 0 0 1 1 0 
0 0 1 1 1 0 0 2 1 0 
1 0 4 1 1 2 1 2 3 0 
0 1 2 2 0 1 0 1 1 1 
1 0 2 2 0 2 0 1 0 2 
1 1 1 2 0 0 0 1 0 0 
0 0 2 1 0 0 0 1 0 0 
0 0 2 0 0 0 0 1 3 0 
1 0 1 0 2 0 2 1 0 2 
0 1 1 1 3 0 2 3 0 1 
1 0 1 0 1 0 0 1 2 0 
1 1 0 3 3 1 0 1 0 2 
1 0 2 1 1 3 0 1 1 1 
0 1 1 0 1 4 0 2 1 0 
1 0 1 2 2 0 0 1 1 2 
2 0 3 0 0 3 0 1 1 0 
1 0 0 1 1 3 0 1 0 0 
1 1 2 0 0 2 0 1 0 1 
3 3 2 2 2 3 1 3 1 1 
0 0 0 1 2 2 1 1 0 1 
4 0 2 2 0 3 0 1 0 0 
3 0 0 0 0 5 1 2 0 1 
3 1 0 0 1 2 0 2 3 1 
6 0 0 1 0 1 2 2 0 2 
1 0 1 2 0 2 0 2 0 2 
1 1 0 0 0 3 0 1 1 1 
1 1 0 0 3 4 0 1 1 0 
0 0 0 0 1 0 0 1 0 1 
3 1 0 1 0 2 1 2 0 1 
0 2 0 1 2 3 0 2 0 1 
1 1 1 1 3 3 0 1 0 0 
0 0 4 0 0 1 1 2 1 4 
0 0 2 0 0 0 0 2 1 1 
0 0 0 0 3 2 0 1 0 1 
0 0 1 0 2 4 0 1 0 0 
3 0 1 1 1 4 0 5 2 1 
0 1 2 0 2 2 1 1 0 3 
2 0 1 2 0 0 0 1 0 3 
2 0 0 2 0 0 0 3 0 1 
0 0 1 1 1 0 0 2 2 0 
1 2 1 1 0 3 0 6 0 2 
4 1 0 2 1 2 0 5 0 2 
0 0 2 4 1 0 2 1 2 1 
0 1 0 1 3 2 1 2 1 1 
1 0 1 2 3 0 0 1 0 2 
1 1 0 1 2 2 1 4 1 3 
2 0 0 1 1 0 1 3 1 0 
0 2 1 0 0 1 0 1 0 1 
0 0 1 0 0 4 1 1 0 0 
1 0 1 1 1 0 0 1 0 1 
1 1 0 1 0 2 1 3 1 0 
5 1 0 0 1 2 0 1 1 1 
0 1 0 1 1 3 1 3 1 2 
0 0 1 1 0 4 0 3 1 0 
5 3 1 1 0 2 2 3 0 2 
0 1 2 0 0 0 0 3 0 1 
1 0 0 0 0 0 1 5 0 1 
0 1 3 1 0 0 0 2 0 0 
0 1 1 1 1 0 0 2 0 1 
1 1 1 0 1 0 1 1 1 1 
4 0 1 0 1 2 2 3 0 0 
2 1 0 0 0 2 1 2 1 0 
3 1 1 1 2 2 0 2 0 1 
6 0 2 1 0 0 0 3 0 0 
0 0 1 1 0 5 1 3 0 2 
3 0 1 0 0 0 1 2 1 0 
1 0 1 1 2 2 0 5 2 0 
3 0 1 0 1 0 0 1 0 1 
5 1 2 0 1 5 1 2 2 1 
2 1 0 0 0 0 1 1 2 1 
0 1 1 1 1 0 0 5 0 3 
3 1 1 0 1 0 0 2 0 0 
0 1 1 1 1 0 0 2 0 1 
1 0 0 0 3 0 0 1 1 0 
1 2 0 0 1 2 1 8 1 1 
0 0 1 1 1 4 2 4 0 1 
0 0 2 1 1 2 2 3 0 1 
1 0 0 1 3 3 1 1 0 1 
0 0 0 0 1 2 0 2 0 1 
0 0 0 1 2 2 2 2 0 1 
0 1 2 0 2 0 0 3 0 2 
2 1 1 1 0 0 0 4 1 2 
0 1 1 1 1 2 2 2 0 1 
1 1 0 0 1 3 1 2 0 1 
1 0 1 1 1 1 0 2 1 0 
3 0 2 2 0 2 0 1 4 4 
1 0 2 0 0 2 0 1 0 1 
1 0 3 2 1 2 0 2 0 1 
0 2 1 2 3 0 1 1 1 0 
1 0 0 0 1 3 1 1 1 1 
1 0 0 0 0 3 0 3 0 1 
1 0 0 2 1 3 1 1 0 3 
67 86 69 152 75 59 108 58 56 97 
80 125 133 174 90 113 109 80 74 111 
40 139 142 124 68 69 83 80 61 91 
63 175 143 137 85 106 116 81 88 103 
59 180 143 105 102 116 108 108 65 111 
60 61 53 51 64 74 61 32 60 54 
37 70 69 81 70 77 65 83 132 78 
22 50 51 71 83 28 55 52 91 35 
99 109 67 82 103 99 77 53 112 72 
76 89 44 70 54 70 44 50 64 65 
50 158 87 141 85 95 79 87 61 106 
133 111 61 94 79 97 67 75 88 90 
98 140 89 115 84 70 102 89 90 112 
68 134 109 98 95 52 156 72 137 151 
41 126 126 89 79 53 96 68 97 112 
27 55 69 75 74 33 76 97 30 58 
85 75 71 63 70 99 68 72 65 55 
58 81 56 78 60 77 69 73 75 58 
112 95 94 84 84 91 69 49 87 68 
106 137 130 107 98 91 55 106 116 104 
88 104 59 60 100 70 47 85 102 86 
92 99 90 85 113 110 82 101 86 99 
81 82 58 79 114 68 57 74 84 54 
3 6 1 4 1 9 4 2 2 4 
92 58 70 63 62 79 84 107 125 84 
99 129 70 98 137 102 100 96 103 124 
55 74 73 97 109 42 138 56 61 76 
107 107 106 148 98 90 133 48 172 101 
79 61 62 95 104 89 64 67 73 89 
73 101 84 121 178 60 122 102 63 130 
54 146 138 231 235 44 184 180 77 151 
67 111 116 139 168 79 91 75 85 112 
56 79 111 90 107 78 102 68 130 74 
119 94 76 86 83 110 79 98 91 70 
43 70 44 81 85 61 81 49 70 39 
55 99 63 121 115 31 315 61 64 129 
32 87 66 108 97 20 214 76 56 93 
81 70 81 93 169 57 113 80 85 45 
40 89 100 77 198 47 105 99 70 65 
86 65 98 128 164 108 106 80 105 108 
49 83 99 90 89 43 70 82 62 68 
44 76 111 76 56 29 120 65 70 96 
72 161 237 135 81 31 111 97 57 131 
40 74 174 77 73 20 107 70 82 74 
46 103 103 71 126 36 169 88 73 75 
30 89 100 69 127 70 147 99 87 114 
46 68 91 82 155 67 115 76 70 56 
58 92 59 72 191 90 86 62 104 57 
95 79 86 72 118 88 96 70 99 77 
60 134 92 80 132 110 96 87 92 77 
55 98 67 121 75 36 85 50 92 179 
57 73 80 96 79 80 106 69 90 64 
73 87 78 133 91 57 104 90 76 82 
62 105 87 98 80 37 147 82 54 183 
143 290 150 199 196 211 140 172 188 176 
94 113 93 107 126 86 96 60 231 110 
85 62 71 63 86 117 76 60 124 68 
95 53 60 96 56 127 45 52 110 98 
109 98 56 92 65 98 83 56 124 103 
147 58 80 51 72 49 127 71 83 67 
82 100 98 153 53 49 91 75 119 85 
86 58 42 52 62 93 104 35 121 41 
79 96 106 138 85 67 54 53 108 89 
76 48 37 56 84 89 62 74 74 83 
2 0 1 5 0 2 1 2 2 2 
101 81 79 72 78 106 65 91 91 103 
68 58 69 63 62 75 45 40 59 42 
88 54 61 69 35 65 80 63 70 76 
75 73 58 58 39 47 58 38 72 56 
84 81 125 71 67 99 71 83 110 92 
22 34 21 24 38 80 32 22 39 42 
64 80 106 59 59 112 84 62 97 94 
102 86 73 78 94 203 62 98 114 64 
59 86 66 65 47 147 80 73 95 109 
66 82 81 77 70 75 105 89 115 91 
138 118 77 113 64 94 77 125 84 87 
2 0 1 1 1 2 1 2 2 0 
93 83 112 108 145 72 111 231 68 107 
93 75 76 62 62 60 87 83 102 82 
69 110 111 118 87 112 69 193 88 102 
0 2 2 7 2 2 1 3 3 3 
0 2 3 1 5 2 3 5 0 2 
109 135 79 103 85 78 117 98 156 112 
82 87 83 72 103 71 128 193 126 80 
42 95 93 92 87 88 82 148 79 74 
99 138 123 97 126 98 155 122 102 118 
107 84 65 82 63 111 95 95 95 91 
0 0 1 0 0 0 0 1 0 0 
77 73 77 83 72 87 60 94 80 65 
89 70 104 64 52 165 77 102 84 57 
87 93 92 74 70 104 89 81 82 52 
111 102 122 104 73 83 92 84 97 89 
151 73 63 70 95 94 65 88 97 85 
136 79 81 87 101 127 83 111 92 100 
112 84 95 65 79 82 62 149 76 59 
151 74 127 106 63 118 93 115 81 75 
52 23 36 21 27 36 34 43 35 28 
0 0 2 2 0 0 0 3 1 2 
101 95 133 120 107 78 78 131 106 147 
38 38 71 54 56 36 38 64 49 49 
131 113 108 100 70 64 74 88 81 100 
155 77 112 81 91 94 77 78 105 93 
158 74 72 94 100 34 87 81 77 94 
186 85 68 99 72 69 119 74 118 97 
3 2 2 2 4 3 0 5 1 1 
175 151 171 166 112 203 107 159 112 139 
260 96 85 50 69 40 53 75 78 56 
60 77 58 56 55 131 76 80 36 83 
202 70 56 82 69 55 47 72 84 78 
40 88 89 71 111 136 64 138 79 94 
206 77 59 99 87 73 83 82 107 82 
115 60 66 55 78 209 115 113 112 67 
224 104 67 79 70 53 81 63 99 120 
90 73 49 69 51 94 85 74 52 66 
65 55 49 47 62 27 43 53 47 44 
106 116 143 79 86 51 131 70 69 95 
131 120 59 67 157 83 82 84 73 53 
62 86 79 55 89 87 79 141 97 106 
64 66 65 50 49 77 53 55 46 63 
80 90 97 83 63 84 79 100 95 105 
99 53 41 57 60 85 45 96 57 55 
19 30 24 27 29 46 25 19 33 20 
94 97 115 70 99 80 84 104 73 87 
33 38 54 45 54 82 39 64 47 49 
62 74 64 49 59 138 87 57 77 60 
73 68 114 80 74 77 86 191 58 68 
42 59 112 60 55 163 50 83 59 99 
70 89 105 64 87 175 92 52 104 98 
112 86 85 66 92 90 69 88 144 78 
96 80 88 75 79 102 61 67 87 111 
120 77 88 71 63 113 68 102 77 97 
107 73 126 96 75 103 46 141 50 86 
81 63 64 59 68 104 69 95 53 63 
172 94 77 99 88 118 87 71 100 90 
104 79 63 81 56 219 51 56 93 86 
92 71 55 71 80 127 79 62 76 113 
66 56 47 80 60 75 66 63 81 58 
