1 0 0 0 1 1 1 0 1 2 0 0 1 0 0 0 1 1 0 0 
0 0 0 0 0 0 1 1 1 2 1 1 0 0 0 0 1 0 0 1 
1 1 0 0 0 0 1 1 0 2 0 0 1 0 0 1 0 0 0 1 
1 0 1 0 0 0 1 0 0 0 0 0 1 0 0 1 0 0 0 0 
1 0 0 0 0 0 1 0 1 0 0 0 0 0 0 1 0 0 0 1 
1 0 1 0 2 0 1 1 0 0 0 1 0 0 0 1 0 0 1 1 
1 1 0 1 0 0 1 0 0 2 0 0 1 0 0 0 0 0 1 1 
1 0 1 1 0 1 2 1 1 2 0 0 0 0 2 1 1 1 2 0 
0 0 1 1 0 0 1 1 0 1 1 1 1 1 0 0 0 0 0 0 
1 1 1 0 0 0 1 1 0 2 0 0 0 1 1 0 0 0 0 0 
0 0 0 0 0 0 1 0 0 2 0 0 2 0 0 0 0 0 0 0 
0 0 0 0 0 0 1 1 0 2 0 0 0 0 1 1 0 0 0 0 
2 1 0 1 0 0 1 1 0 0 0 0 0 1 0 0 0 0 0 0 
0 0 0 1 0 1 1 1 1 0 0 1 2 0 0 0 1 0 0 0 
2 0 0 0 0 0 2 0 0 2 0 0 0 1 0 1 0 1 0 1 
0 1 0 1 2 0 1 0 1 0 0 0 1 0 0 1 0 0 0 1 
2 0 1 0 1 0 3 0 1 2 0 0 0 1 0 1 2 0 2 1 
0 1 0 1 1 0 2 0 1 2 0 1 0 0 0 2 1 1 1 0 
0 0 0 0 3 1 1 0 0 0 1 1 1 0 1 0 1 3 0 0 
1 0 1 0 0 1 1 1 0 2 1 1 1 0 1 3 0 1 0 0 
1 2 0 0 0 0 1 0 2 0 0 1 1 1 3 0 0 1 0 0 
0 0 0 2 0 0 3 1 0 3 0 0 1 0 0 0 0 0 0 1 
1 0 0 0 0 0 2 0 2 2 0 1 0 0 1 1 1 2 0 0 
0 0 0 0 1 0 1 0 1 0 0 0 0 0 1 0 0 1 1 0 
2 0 1 1 1 0 1 2 3 0 0 1 1 1 1 0 0 0 0 0 
0 1 0 0 2 0 2 1 1 1 0 0 0 0 1 1 0 0 0 0 
0 1 2 0 0 1 1 0 2 0 0 2 0 0 0 2 0 0 1 0 
0 0 0 0 0 0 2 0 1 0 0 0 2 0 1 2 0 1 1 1 
0 2 0 1 0 0 1 1 2 0 0 1 0 0 0 1 0 0 0 0 
1 1 0 0 1 0 3 1 2 0 0 0 0 0 1 1 0 0 0 1 
0 0 0 0 1 0 2 0 1 2 0 0 0 0 1 0 1 1 2 0 
0 0 0 0 0 0 1 0 1 2 0 1 2 0 1 1 0 0 0 0 
0 0 0 0 1 1 1 0 0 0 0 2 0 0 0 1 0 0 0 0 
0 0 0 0 0 1 1 0 1 0 0 3 0 0 0 0 0 0 0 0 
0 0 0 0 0 0 1 0 0 0 0 2 1 1 0 1 0 0 0 0 
0 0 0 1 0 0 1 1 2 2 1 1 2 0 0 2 0 0 1 1 
0 1 1 0 0 1 1 0 1 0 1 0 1 0 0 0 0 2 0 0 
0 0 0 0 0 1 1 1 1 3 0 1 0 0 2 0 0 0 0 0 
0 0 0 2 1 0 1 0 0 0 0 0 0 2 0 0 0 0 0 0 
0 0 0 0 0 0 1 0 2 0 0 0 0 0 0 0 1 0 0 0 
0 0 0 0 0 0 1 0 1 0 1 0 0 2 0 0 0 0 1 0 
0 0 0 0 0 0 2 0 2 0 0 1 1 0 0 1 0 1 0 1 
0 0 0 0 0 3 1 1 0 0 0 1 0 0 2 4 0 0 0 0 
0 0 0 1 1 1 1 1 1 0 0 0 0 0 0 0 0 0 0 0 
1 0 1 0 0 0 1 0 0 0 0 1 1 0 2 3 0 2 0 0 
1 0 2 0 0 0 1 0 1 3 0 0 0 0 0 1 0 2 0 0 
0 0 0 1 0 0 0 0 0 2 1 0 1 1 0 2 0 1 1 0 
1 0 0 0 0 1 1 0 2 0 0 1 0 1 0 1 0 1 0 1 
0 0 0 0 1 0 3 0 2 3 0 0 0 0 0 0 0 0 1 0 
1 0 0 1 0 0 2 0 1 2 0 0 0 0 0 0 0 0 0 0 
0 0 0 0 0 0 1 1 1 2 0 1 0 0 0 1 0 0 0 1 
0 0 2 3 0 2 3 2 2 2 1 1 0 1 0 1 0 1 0 0 
0 1 0 1 0 0 1 0 0 2 0 0 0 0 0 1 1 0 1 0 
0 1 1 0 2 0 2 1 1 2 1 0 0 0 0 0 1 0 0 0 
1 0 0 0 3 0 1 1 0 2 0 0 0 1 0 0 1 1 1 0 
0 0 0 0 2 2 2 1 1 0 0 0 0 0 0 0 1 1 2 1 
1 1 0 1 2 0 5 0 0 0 0 0 0 1 1 0 2 0 0 0 
0 0 0 0 2 1 2 0 0 2 0 0 1 0 0 0 2 0 0 0 
0 1 0 1 0 0 1 0 0 2 0 0 0 0 0 0 1 0 2 0 
1 0 0 0 1 0 2 1 0 2 2 0 1 0 0 1 0 0 0 0 
0 1 0 0 0 0 1 0 0 0 0 0 0 0 0 1 0 0 0 0 
1 1 0 2 1 0 1 0 2 0 1 0 0 0 0 1 0 1 0 0 
1 2 0 0 0 0 2 0 0 2 1 1 1 0 0 0 0 0 0 1 
1 0 1 0 0 1 1 1 0 2 0 1 1 1 1 0 0 0 0 0 
1 0 0 2 1 0 2 0 1 1 0 0 0 0 1 0 1 1 1 1 
1 0 0 0 1 0 1 0 2 0 0 0 0 0 0 0 0 1 0 0 
0 0 0 0 0 2 1 0 0 1 1 0 0 0 0 1 0 0 1 0 
1 0 0 0 2 0 2 0 0 2 0 0 1 0 0 0 0 0 0 0 
1 0 0 1 1 1 1 1 0 1 2 1 1 0 2 2 0 2 1 0 
1 0 0 0 0 0 1 0 0 2 1 2 1 0 0 0 1 0 1 2 
0 2 0 1 0 0 1 0 0 0 1 0 0 0 0 1 1 2 0 0 
0 1 0 1 0 0 1 1 0 0 0 0 0 0 2 2 0 0 0 0 
0 0 1 0 0 0 1 0 1 0 0 0 0 1 1 1 0 0 1 0 
1 1 2 1 0 0 1 2 0 3 0 0 1 0 0 1 0 3 0 0 
0 0 0 0 0 0 3 1 4 3 1 2 0 0 0 1 0 2 0 0 
0 1 1 0 1 1 1 0 2 0 0 1 0 0 0 3 0 0 2 0 
0 1 0 0 1 1 1 1 1 1 0 0 3 1 0 0 0 1 0 0 
0 0 0 2 0 1 3 0 1 0 0 1 1 0 0 0 0 1 0 0 
1 1 0 0 0 0 2 0 0 2 0 0 4 1 1 2 0 1 1 0 
1 0 0 0 0 0 1 0 0 1 0 1 1 0 0 0 1 0 2 1 
0 1 1 0 0 0 1 0 0 0 0 0 0 0 0 1 0 2 0 0 
0 0 1 0 0 0 1 0 1 3 0 0 0 0 1 0 0 0 0 0 
0 0 1 0 0 0 1 0 2 0 0 1 0 0 0 0 0 0 0 1 
1 1 0 2 0 0 1 0 0 2 0 1 1 0 0 0 1 0 0 0 
1 1 0 1 2 0 3 0 2 0 0 0 0 0 1 0 1 0 0 0 
0 0 0 1 1 0 1 0 1 1 0 2 0 0 0 3 0 2 1 0 
0 0 0 1 0 0 3 0 1 3 0 0 0 0 0 1 0 0 1 0 
1 0 2 3 1 2 6 0 0 1 0 0 0 0 0 1 0 2 0 0 
0 0 2 0 0 0 1 0 1 0 0 0 0 0 0 0 0 3 0 0 
0 0 1 1 0 1 1 0 0 0 0 0 1 0 0 1 0 2 0 0 
1 0 0 0 1 1 1 0 1 2 0 0 0 0 0 0 0 0 0 0 
0 1 0 0 0 1 1 0 1 1 0 1 0 0 0 0 0 1 0 0 
1 0 0 0 0 0 1 1 0 0 0 0 0 2 0 2 0 1 0 0 
1 0 0 0 2 0 3 1 1 2 1 1 0 0 0 0 1 0 0 0 
0 0 0 0 1 1 3 0 0 2 0 0 0 0 0 1 1 0 0 0 
0 0 0 0 2 0 4 0 1 2 0 0 1 1 0 0 0 1 0 1 
1 0 2 1 3 0 2 1 1 0 0 0 0 0 0 1 0 0 0 0 
0 1 0 0 1 1 2 1 1 2 1 0 1 1 1 0 0 0 0 0 
1 0 0 0 1 0 2 0 3 0 0 0 0 0 0 0 0 0 1 0 
1 0 3 1 1 0 2 0 1 2 0 0 1 1 0 1 0 0 0 0 
1 0 0 0 1 0 2 0 1 0 0 0 1 0 0 0 0 0 0 1 
0 0 3 1 2 0 4 1 0 2 0 0 0 1 1 1 1 0 2 1 
0 0 0 0 1 0 2 0 0 0 0 0 0 0 0 0 0 1 4 0 
0 0 3 1 0 0 1 0 1 0 0 0 0 1 0 1 1 2 0 1 
0 1 0 0 1 0 3 0 0 0 1 0 0 2 0 0 0 0 0 0 
0 0 0 0 0 1 1 0 1 0 0 1 0 1 0 0 2 0 0 0 
0 1 0 0 1 0 1 0 0 0 0 1 0 0 2 0 0 0 0 0 
1 1 4 1 0 0 1 1 0 2 1 0 0 0 0 0 2 2 1 0 
0 0 1 0 0 0 3 0 2 2 1 0 2 0 0 1 0 1 1 0 
0 1 0 1 0 1 1 0 3 3 1 0 0 0 0 0 0 1 0 0 
0 0 0 1 0 1 1 0 0 2 0 2 1 1 0 0 0 2 0 0 
0 0 0 0 0 0 1 0 0 2 0 0 1 0 0 1 0 1 0 0 
0 0 0 0 0 0 2 0 1 2 0 1 1 0 0 0 2 1 0 0 
0 1 0 0 0 1 1 1 1 0 0 1 0 0 0 1 1 1 0 1 
0 1 0 2 1 0 4 0 1 0 1 0 0 0 0 0 0 1 1 0 
0 0 0 1 1 1 1 1 2 2 0 0 0 0 1 0 0 1 0 0 
0 0 0 1 0 0 1 0 1 4 0 0 1 0 1 0 0 1 0 0 
1 1 0 0 0 0 1 0 1 0 0 0 0 1 1 1 0 0 1 0 
1 0 2 1 1 0 1 1 1 1 0 0 0 0 1 1 3 2 2 0 
0 0 0 1 0 0 2 0 0 2 0 1 0 0 0 0 0 1 0 0 
1 0 2 1 0 0 2 1 1 2 0 0 0 0 1 1 0 0 0 0 
1 0 0 0 1 0 1 0 1 1 0 1 1 0 1 1 2 0 0 0 
0 0 0 0 1 0 1 0 0 3 1 0 1 0 0 1 0 0 1 0 
0 0 0 1 1 0 1 0 1 3 0 0 0 0 1 0 0 0 0 0 
0 0 1 1 1 2 2 0 0 3 0 0 0 1 0 0 0 1 0 0 
29 49 35 36 17 45 50 46 45 35 25 57 77 39 45 45 49 27 45 31 
47 57 40 67 53 79 53 53 57 49 48 53 59 45 37 91 50 57 51 43 
53 33 47 45 27 52 26 43 58 29 34 47 36 57 43 53 54 58 39 63 
70 67 35 54 27 67 46 56 58 45 56 55 45 56 63 78 50 49 23 97 
92 56 53 57 25 75 35 58 42 80 43 43 58 52 67 79 40 45 34 63 
27 41 14 20 34 35 17 28 36 34 21 28 30 41 23 25 22 31 40 23 
43 26 34 24 30 42 22 26 30 41 37 33 43 56 31 58 52 39 57 38 
27 25 20 29 16 22 14 22 21 9 25 31 20 23 20 67 20 52 53 22 
69 28 48 36 46 39 52 30 41 46 41 40 36 34 42 58 55 52 41 39 
44 25 25 26 36 30 17 22 17 33 45 29 33 32 35 27 33 34 35 48 
33 58 35 67 42 55 51 47 47 44 63 40 56 48 42 39 55 51 33 43 
87 35 33 42 59 48 31 44 34 48 54 34 36 50 38 37 53 44 43 45 
57 59 44 51 49 53 42 70 38 43 49 50 45 70 49 35 57 48 43 37 
33 73 48 60 24 60 33 52 72 40 52 57 65 62 63 29 79 60 66 44 
79 41 27 32 21 38 25 41 59 44 58 31 49 33 51 36 62 56 43 61 
21 36 26 38 12 54 26 42 23 15 37 21 16 37 44 25 36 26 21 38 
36 43 33 34 49 52 39 43 38 40 29 34 21 33 30 28 41 36 27 37 
27 34 24 41 30 33 27 28 28 37 47 44 33 36 27 49 32 38 37 33 
37 54 20 34 53 57 34 52 40 59 50 38 36 46 21 48 40 42 42 30 
56 69 44 54 48 62 36 53 56 48 53 49 57 41 51 44 38 69 58 64 
41 38 35 35 42 39 23 35 32 46 54 33 29 31 43 49 45 48 38 65 
61 49 27 29 60 49 37 46 46 44 71 50 52 59 52 38 50 54 44 39 
30 57 26 24 45 35 24 42 40 40 31 33 28 41 41 45 29 41 46 53 
0 1 2 2 1 1 4 0 3 7 2 2 2 1 0 0 2 2 2 2 
26 43 29 40 32 31 33 44 51 48 58 33 36 46 28 25 51 40 50 80 
50 46 39 50 72 65 44 34 46 48 60 63 44 47 57 73 63 56 41 60 
23 60 29 49 23 48 36 51 52 25 27 45 35 49 45 52 53 24 36 19 
80 47 36 42 71 56 34 71 56 37 51 64 51 78 48 47 82 61 52 46 
25 33 36 30 60 44 40 37 35 38 51 29 18 55 50 59 36 31 41 35 
27 52 34 56 33 44 49 56 62 27 44 60 45 85 72 99 61 30 47 51 
39 152 97 79 31 87 59 80 71 31 64 95 59 76 72 95 72 67 52 62 
37 52 49 53 47 51 37 67 47 48 67 39 37 40 46 120 53 52 55 46 
44 31 50 38 34 55 41 43 47 46 29 25 44 35 36 106 40 39 69 43 
57 45 28 42 56 39 69 43 38 44 45 44 39 35 50 35 45 45 59 48 
24 30 34 37 24 33 24 22 34 28 30 19 21 37 22 62 34 35 49 24 
19 80 44 84 12 44 42 50 54 14 43 215 36 43 41 49 53 41 45 44 
17 57 34 52 22 47 56 52 34 11 49 131 45 40 31 19 43 44 30 35 
23 51 52 45 42 50 40 45 34 33 43 63 37 57 44 86 26 30 45 28 
18 66 45 61 16 38 31 40 44 29 60 49 36 42 39 96 53 34 44 49 
38 58 47 51 39 52 33 58 40 66 58 51 57 58 43 97 53 41 56 52 
35 38 23 38 18 35 31 35 39 20 44 62 59 31 58 34 44 23 24 44 
34 41 19 41 31 39 48 28 63 9 32 42 45 34 48 25 49 31 38 46 
27 70 38 89 23 110 33 67 79 13 101 58 59 50 55 37 59 36 30 79 
15 59 28 37 19 65 23 55 56 13 58 47 61 36 34 28 38 38 35 46 
24 84 44 58 24 19 43 40 85 22 28 34 47 31 79 69 32 37 43 47 
25 69 43 50 20 47 45 57 50 32 53 45 42 59 58 71 50 23 34 59 
34 49 32 38 16 35 29 57 54 37 38 62 33 32 33 87 27 57 34 42 
34 42 29 30 33 37 22 19 51 63 35 41 33 39 31 103 40 28 99 62 
41 31 51 34 33 55 29 43 29 52 38 36 56 39 37 72 54 50 63 37 
57 51 41 49 39 52 28 32 44 70 42 40 61 39 45 71 47 44 49 59 
35 35 38 58 19 54 44 51 42 19 29 61 39 38 52 45 49 42 27 81 
53 59 34 30 36 45 33 40 39 35 28 33 39 34 45 53 25 47 44 42 
46 64 50 45 44 46 40 55 47 24 45 36 44 41 38 50 36 35 38 47 
21 67 40 90 27 50 40 52 94 19 40 50 55 50 40 43 44 39 20 54 
90 99 126 101 55 147 72 104 81 117 79 71 63 116 99 101 63 94 94 93 
50 33 39 41 48 64 44 58 45 57 44 54 45 122 36 93 66 45 74 58 
48 24 19 33 76 43 41 28 34 59 29 37 36 52 36 42 34 50 56 35 
38 18 19 33 71 53 34 32 36 57 30 33 26 38 25 35 38 68 83 25 
42 20 24 52 72 38 42 43 35 36 42 34 74 38 33 21 53 46 75 64 
26 43 55 48 62 33 72 32 40 22 32 39 35 42 40 31 49 35 43 26 
60 45 72 53 20 36 56 36 39 31 29 37 57 47 55 28 66 38 52 48 
46 36 27 28 64 32 34 24 21 41 39 39 32 36 28 20 40 28 61 18 
49 48 45 24 56 50 43 64 31 36 45 44 44 50 40 27 49 53 45 32 
33 32 32 38 75 34 40 21 13 38 32 42 43 37 23 23 35 29 29 34 
1 1 3 1 1 1 1 0 2 0 1 0 0 0 1 2 0 1 1 0 
43 55 37 48 86 44 42 34 30 39 56 43 40 32 44 27 51 45 38 33 
47 32 31 30 33 26 35 27 22 34 45 22 27 19 25 30 21 18 23 34 
52 30 29 26 40 31 36 26 26 34 37 35 35 27 45 15 31 30 33 43 
60 30 27 36 40 31 33 17 31 10 19 26 39 19 19 15 30 31 35 26 
89 33 34 48 46 38 45 47 30 45 42 31 39 40 46 35 44 59 56 36 
21 10 15 17 16 23 12 18 5 29 19 22 13 26 26 18 17 10 18 19 
71 43 39 47 36 35 28 36 37 44 51 36 49 23 50 22 28 42 49 51 
74 39 45 44 84 44 50 46 42 69 74 24 41 35 46 30 27 64 52 44 
68 39 59 24 31 31 46 31 37 75 32 28 72 58 34 21 30 31 39 41 
23 61 39 43 28 28 23 44 37 35 60 34 50 51 46 42 65 47 57 38 
34 53 45 45 41 48 52 79 52 37 69 36 48 30 56 50 37 69 51 45 
0 0 0 1 1 0 1 0 1 2 0 1 0 3 1 1 0 0 0 0 
29 58 38 63 34 54 31 131 39 34 67 61 36 51 110 96 47 53 36 62 
27 33 34 42 51 35 28 37 40 34 26 41 34 41 45 39 58 58 52 27 
58 55 65 69 39 55 42 85 61 30 78 43 37 47 47 36 57 60 39 56 
0 1 2 0 1 4 1 1 2 1 0 0 0 1 1 3 1 1 4 1 
0 0 2 3 0 1 1 3 1 1 0 4 0 0 1 2 2 2 0 0 
49 32 37 54 43 67 34 60 60 54 48 61 48 46 86 37 49 51 71 85 
29 33 55 60 41 54 47 38 46 37 63 36 183 37 45 55 35 45 52 34 
38 40 47 46 36 52 42 37 78 48 30 47 83 47 31 33 30 31 38 46 
38 49 50 58 55 63 42 41 66 70 49 53 153 63 73 40 52 50 45 68 
59 29 32 55 74 39 37 46 29 44 43 29 64 66 47 27 49 56 34 29 
0 0 0 0 0 1 1 0 0 0 0 0 0 0 0 0 0 0 0 0 
32 37 39 40 64 55 32 29 35 44 39 42 39 41 22 27 43 34 43 31 
45 36 54 31 60 39 62 40 33 60 66 23 41 30 45 27 35 43 48 46 
37 40 112 37 54 29 43 39 49 50 23 31 32 50 32 24 35 33 30 44 
76 42 78 46 37 35 64 49 31 45 48 51 36 59 56 39 49 36 37 43 
49 44 69 50 69 34 38 28 35 29 38 52 41 57 34 36 38 40 69 31 
37 51 53 53 84 41 69 55 38 61 34 42 46 36 49 44 46 44 41 73 
44 44 59 49 67 36 42 52 36 31 47 17 47 51 35 44 33 42 47 40 
51 36 92 48 46 50 97 54 39 29 70 43 34 45 45 36 46 44 59 39 
13 7 47 12 15 10 33 11 15 10 16 23 13 22 14 17 13 21 15 8 
0 0 1 1 0 1 1 1 0 0 0 0 1 1 1 0 0 1 1 0 
64 54 114 49 40 58 69 65 44 49 48 43 40 58 27 49 43 68 51 63 
23 22 41 28 24 25 21 33 24 19 29 26 15 18 21 29 23 23 22 27 
55 41 68 40 48 50 55 50 33 26 53 34 24 45 35 34 47 86 53 52 
66 42 49 32 67 46 44 56 30 53 65 43 30 38 42 35 50 42 57 76 
52 46 34 48 61 34 55 33 61 14 48 56 39 35 45 24 51 55 48 32 
38 40 40 45 99 45 44 45 52 37 43 62 45 58 33 27 69 47 61 57 
0 0 0 1 3 1 4 1 2 1 0 0 1 1 1 2 0 1 3 1 
80 78 97 109 75 73 94 74 54 85 91 88 51 83 50 66 56 68 54 69 
44 38 72 25 56 41 57 33 126 14 30 25 28 33 21 37 34 44 59 45 
46 41 65 41 22 26 49 49 24 66 37 19 33 33 27 26 37 20 17 34 
57 26 47 34 71 40 44 37 52 21 35 50 27 35 28 35 28 29 68 51 
47 42 102 51 24 53 42 52 27 58 69 32 28 27 43 48 39 32 45 49 
84 40 43 33 54 57 62 53 63 20 28 70 50 39 54 28 40 39 70 28 
36 54 124 48 46 33 114 39 46 33 36 31 48 32 31 41 42 32 79 45 
50 37 41 74 49 39 55 47 82 17 25 76 35 44 36 34 57 47 65 50 
29 27 78 36 25 19 62 50 40 32 24 28 36 22 24 29 28 29 44 41 
25 24 34 20 30 18 18 23 32 8 22 23 21 18 36 29 32 22 27 30 
32 35 51 40 47 88 46 43 45 19 50 56 74 52 59 31 46 37 24 71 
45 35 34 44 61 46 47 45 34 51 48 43 64 29 68 58 37 47 46 27 
39 40 81 43 28 24 42 54 43 50 56 40 44 34 36 32 57 43 52 43 
17 28 47 36 44 27 51 33 25 37 46 12 21 14 18 18 20 23 34 37 
57 37 28 44 46 32 37 40 45 55 48 39 41 24 54 24 38 55 53 79 
21 22 21 37 60 35 21 20 32 57 33 27 29 37 31 42 19 38 33 33 
7 6 10 13 15 11 23 10 14 27 7 10 13 11 10 18 17 28 14 8 
32 59 33 48 59 53 47 49 49 60 53 31 39 34 39 37 55 44 26 56 
26 20 24 35 32 13 19 18 21 55 28 22 37 20 31 15 22 26 15 26 
28 40 43 37 38 23 28 42 39 99 33 32 32 36 34 28 47 27 22 19 
28 86 43 81 45 52 42 50 37 41 58 34 38 30 44 31 30 27 45 47 
41 31 37 29 20 53 42 28 28 110 54 40 35 16 39 34 52 30 23 40 
37 43 37 51 36 64 30 32 67 106 43 58 33 32 44 37 58 35 56 37 
47 37 67 38 54 38 39 46 30 46 40 40 17 52 56 39 36 67 71 50 
56 35 23 49 71 39 45 28 33 42 44 38 40 52 35 39 45 52 38 42 
46 39 28 49 55 44 60 45 31 60 52 38 38 44 45 28 41 32 35 66 
31 36 83 70 43 52 47 51 37 48 60 33 34 27 31 45 35 33 25 82 
35 35 51 43 49 29 40 26 31 55 47 36 29 34 38 25 31 30 20 35 
37 43 39 63 85 55 50 47 32 83 50 49 50 44 32 49 27 61 55 45 
64 32 30 49 46 25 39 29 46 162 43 34 38 27 40 25 27 41 47 44 
41 29 54 38 63 28 54 24 63 60 25 39 41 38 34 24 55 41 41 34 
32 28 21 45 38 26 32 48 23 44 26 22 40 37 25 40 30 36 42 17 
