130 80 251 355 277 135 121 816 184 211 
72 74 284 190 240 129 114 952 143 126 
91 63 258 89 568 101 96 677 205 191 
211 74 504 135 264 85 118 211 162 133 
387 143 250 167 170 122 171 69 117 282 
85 71 41 40 67 60 52 24 90 75 
169 173 217 152 133 114 165 56 262 218 
97 77 58 91 67 57 143 52 103 69 
132 125 58 70 82 54 112 47 147 94 
113 77 75 51 73 54 109 36 101 120 
65 52 47 38 38 59 84 22 67 64 
155 113 102 126 237 199 162 52 299 148 
163 191 175 179 144 399 140 87 163 175 
80 196 88 78 84 72 53 31 54 96 
128 124 113 139 85 97 91 37 113 118 
85 88 78 54 104 78 307 53 96 54 
66 128 44 41 67 40 35 49 77 57 
71 56 68 97 78 98 50 28 69 70 
250 207 151 223 165 337 97 160 92 152 
231 406 194 213 253 170 223 128 235 214 
72 80 186 125 87 96 68 46 67 63 
114 136 88 78 158 82 223 52 171 127 
216 198 163 245 282 254 408 135 214 165 
18 15 17 6 28 16 31 26 24 22 
127 176 139 123 162 425 163 82 154 187 
121 166 89 128 102 239 85 117 149 106 
128 123 83 628 135 160 71 67 114 92 
