0 0 0 1 0 0 1 0 0 0 0 0 0 0 0 0 1 0 0 0 1 0 0 0 1 0 0 0 1 0 0 0 0 0 0 0 0 0 0 1 0 1 0 0 0 0 0 1 1 0 
0 0 0 0 0 0 0 0 0 0 1 0 0 0 0 0 0 0 0 0 1 0 1 0 0 0 1 0 0 0 0 0 0 0 0 0 1 0 1 1 1 0 0 0 0 0 0 0 0 1 
1 0 1 0 0 0 0 0 0 0 0 1 0 0 0 0 0 0 0 0 0 0 0 0 1 0 1 0 0 1 0 0 0 0 0 0 1 0 0 0 0 0 0 0 0 0 0 0 1 1 
1 0 0 0 0 0 0 0 0 0 0 0 0 0 0 0 2 0 0 0 0 0 0 0 0 0 1 0 0 0 0 0 0 0 0 0 0 0 0 0 0 0 0 0 0 0 0 1 0 0 
1 0 0 0 0 0 0 0 0 0 0 0 0 0 1 0 0 0 0 0 0 0 0 0 0 0 1 0 0 0 0 0 0 0 0 0 0 0 0 0 0 0 0 1 0 0 0 0 0 1 
1 0 0 0 0 0 1 0 0 0 0 0 0 0 0 0 0 0 0 1 0 0 0 0 0 0 1 1 0 0 0 0 0 0 1 0 0 0 0 0 1 0 0 0 0 0 0 0 2 1 
1 0 0 0 0 0 0 0 0 0 0 0 0 1 0 0 0 0 0 0 0 0 0 0 1 0 1 0 0 0 0 0 0 0 0 0 2 0 0 0 0 0 0 0 0 1 0 0 1 1 
2 0 0 0 0 1 0 1 2 0 0 1 0 0 0 0 0 0 0 0 0 0 0 0 2 0 2 0 0 0 0 0 0 0 0 0 1 0 0 0 0 0 0 1 0 3 0 0 1 0 
0 0 0 0 0 0 0 0 2 0 0 0 0 0 0 0 0 0 0 0 0 0 0 0 1 0 1 1 0 0 0 1 0 0 1 0 0 1 0 0 0 0 0 0 0 0 0 1 0 0 
0 0 1 1 0 0 1 0 1 0 0 0 0 1 0 0 0 0 0 0 0 0 0 1 1 0 1 0 0 0 0 0 0 0 0 0 0 0 0 0 0 0 0 1 0 0 0 0 0 0 
0 0 0 0 0 0 2 0 0 0 0 0 0 0 0 0 0 0 0 0 0 0 0 0 1 0 1 0 0 0 1 0 0 0 0 0 0 0 0 0 0 0 0 0 0 0 0 0 0 0 
0 0 0 0 1 0 0 0 0 0 0 0 0 0 0 0 0 0 0 0 0 0 0 0 0 0 1 0 0 0 0 0 0 0 1 0 1 0 0 1 0 0 0 0 0 0 0 0 1 0 
1 0 1 0 0 1 0 0 2 0 0 0 0 0 0 0 0 0 0 0 0 0 1 0 0 0 1 0 0 0 0 0 0 0 0 0 0 0 0 0 0 0 0 0 0 0 0 0 0 0 
0 0 0 0 0 2 0 0 0 1 0 0 0 0 0 1 0 0 0 1 0 1 0 0 0 0 1 0 0 0 0 0 0 0 0 0 0 0 0 0 0 0 1 0 1 0 0 0 0 0 
0 0 0 0 0 0 0 1 1 0 0 0 0 0 0 0 1 0 0 0 0 0 0 0 0 0 1 0 0 0 0 0 0 0 0 0 1 1 1 1 0 0 0 0 0 1 0 0 0 1 
0 0 0 1 1 0 0 0 0 0 0 0 0 0 1 0 2 0 0 1 0 0 0 0 0 0 1 0 0 0 1 0 0 0 0 0 0 0 0 0 0 1 0 0 0 0 0 0 0 0 
0 0 0 0 1 0 0 0 0 0 1 0 0 0 1 1 1 0 0 0 1 1 0 0 1 0 1 0 0 0 0 0 0 0 1 0 1 2 0 0 0 2 0 2 0 0 0 0 0 0 
1 1 0 0 0 0 0 0 0 0 0 0 0 0 2 1 0 0 0 0 0 1 1 0 1 0 1 0 1 0 1 0 0 0 0 0 1 1 0 0 0 0 0 0 0 1 0 0 0 0 
1 0 0 0 0 0 0 0 0 0 0 1 0 0 1 1 1 0 0 0 0 1 0 0 0 0 1 0 1 0 0 1 0 0 0 0 0 0 0 0 0 1 0 0 1 1 0 1 0 0 
1 0 1 0 0 0 1 1 0 0 0 1 0 0 0 0 0 0 0 0 0 0 0 1 1 0 3 0 0 0 0 0 0 0 0 0 0 0 1 0 0 1 0 1 1 0 0 0 1 0 
1 0 1 0 0 0 0 0 0 0 2 0 2 0 0 0 0 0 0 0 1 1 0 0 0 0 1 0 0 0 0 0 0 0 0 0 0 1 0 0 0 1 0 0 0 2 0 0 0 0 
0 1 0 1 0 0 0 0 1 0 0 0 0 1 0 0 0 0 1 0 0 1 0 0 1 1 1 0 0 0 0 0 0 0 0 0 1 1 0 0 0 0 0 0 0 0 0 0 0 0 
1 0 0 0 0 0 0 0 0 0 0 0 0 0 1 0 0 0 0 0 0 0 0 0 1 0 1 0 0 0 0 0 0 0 1 1 1 2 1 0 0 1 0 0 0 1 1 0 0 0 
0 0 0 0 0 0 0 0 0 0 0 0 0 0 1 0 0 0 0 0 0 0 0 0 0 0 1 0 0 0 0 0 0 1 1 0 0 0 0 0 0 0 0 0 0 1 0 0 1 0 
1 0 1 0 1 0 0 0 2 0 0 0 1 0 0 0 1 0 0 0 2 0 0 0 0 0 1 1 0 0 0 0 0 0 1 0 0 1 1 0 0 0 0 0 0 0 0 1 0 0 
0 0 0 0 0 0 0 1 0 0 0 0 0 0 1 0 0 0 1 0 0 0 0 0 0 0 1 1 0 0 0 0 0 0 2 0 1 0 1 1 0 0 0 0 0 0 0 0 0 0 
0 0 0 0 0 0 0 0 0 0 0 0 1 0 1 0 0 0 1 0 0 0 0 0 0 0 1 0 0 0 0 2 0 0 1 0 0 0 1 0 0 0 0 0 0 0 2 0 2 0 
0 0 0 0 0 0 2 0 0 0 0 0 0 0 0 0 1 0 0 0 0 0 0 0 0 0 1 0 0 0 0 0 0 0 3 0 0 0 1 1 0 0 0 0 0 1 0 0 1 0 
0 0 0 0 1 0 0 0 0 1 1 0 1 0 0 0 0 0 0 0 1 0 0 0 0 0 1 0 0 0 2 0 0 0 1 0 0 0 0 0 0 0 0 0 0 0 0 0 0 0 
1 0 1 0 0 0 0 1 0 0 0 0 0 0 0 0 1 0 2 0 1 0 0 0 0 0 1 0 2 0 0 0 0 0 0 0 0 0 1 0 0 0 0 1 0 0 0 0 0 0 
0 0 0 0 0 0 0 0 0 1 0 0 0 0 0 1 0 0 0 0 0 1 0 0 1 0 1 0 0 1 0 0 0 0 0 0 1 0 1 0 0 0 0 2 0 0 0 0 1 0 
0 0 0 0 0 0 0 0 0 0 0 0 0 0 0 0 4 0 0 1 0 0 0 0 0 0 0 0 0 0 0 0 1 0 0 0 1 0 1 1 0 0 0 0 0 0 0 0 0 0 
0 0 0 0 0 1 0 0 0 0 0 0 0 1 0 0 0 0 0 0 0 0 0 0 0 0 1 0 0 0 0 0 0 0 1 0 0 0 1 0 0 0 0 0 0 0 0 0 1 0 
0 0 0 0 0 0 0 0 0 0 0 0 1 1 1 0 0 0 0 1 0 0 0 0 0 0 1 0 0 0 0 0 0 0 0 0 0 0 1 0 0 0 0 0 0 0 0 0 0 0 
0 0 0 0 0 0 0 0 0 0 0 0 0 1 0 0 0 0 0 0 0 0 0 0 0 0 1 0 0 0 0 0 0 0 1 0 0 0 1 0 0 0 0 1 0 1 0 0 0 0 
0 0 0 0 0 1 1 0 0 0 0 0 0 1 0 0 3 0 0 0 0 0 1 1 0 0 0 1 0 0 0 1 0 0 0 1 2 0 0 1 0 1 0 0 0 0 0 0 0 0 
0 0 1 0 1 0 0 0 0 0 0 0 0 0 0 0 1 0 1 0 0 0 0 0 0 0 2 0 1 0 0 0 0 0 0 0 0 0 0 0 0 1 0 0 0 1 0 0 0 0 
0 0 0 0 0 0 0 0 0 0 1 0 0 0 0 0 1 0 0 0 0 0 0 0 1 0 1 1 1 1 0 0 0 0 0 0 1 0 1 0 0 0 0 0 0 0 0 0 0 1 
0 0 0 0 0 1 0 0 0 0 0 0 0 0 0 0 0 0 0 0 0 0 0 1 0 0 2 0 0 0 0 1 0 0 0 0 0 0 0 0 0 0 0 0 1 0 0 0 0 0 
0 0 0 0 0 0 0 0 0 0 0 0 0 0 0 0 0 0 0 0 0 0 0 0 0 0 2 0 0 0 0 0 0 1 0 0 0 0 0 0 0 0 0 0 0 0 1 0 0 0 
0 0 0 0 0 0 0 0 0 0 0 0 0 0 1 0 0 0 0 0 0 0 2 0 0 0 1 0 0 0 0 0 0 0 0 0 0 0 0 0 0 0 0 0 1 0 0 0 1 0 
0 0 0 0 0 0 0 0 0 0 1 0 0 0 0 0 3 0 0 0 0 0 0 1 0 0 1 0 0 0 0 0 0 0 0 0 0 0 1 0 0 0 0 0 0 0 0 1 0 1 
0 0 0 0 0 1 0 0 0 1 0 0 2 1 0 0 2 0 0 1 0 0 0 0 0 0 0 0 1 0 0 0 1 0 0 0 0 0 1 0 0 0 0 0 0 0 0 0 1 0 
0 0 0 0 0 0 0 0 0 0 1 0 0 0 1 0 0 0 0 0 0 0 1 0 0 0 1 0 0 0 1 0 0 0 0 0 0 1 0 0 0 0 0 0 0 0 0 0 0 0 
1 0 0 0 0 0 0 0 0 0 1 1 1 0 0 0 0 0 0 0 0 0 0 0 0 1 2 0 0 0 0 0 1 0 0 0 0 1 2 0 0 0 0 0 0 1 0 0 0 0 
1 0 1 0 0 0 1 0 0 0 0 0 0 0 0 0 0 0 0 0 0 0 0 0 0 2 1 0 0 1 0 0 0 0 0 1 0 0 0 1 0 0 0 0 0 1 1 0 0 0 
0 0 0 0 0 0 0 0 0 1 0 0 0 0 0 0 0 0 0 0 0 0 0 0 1 1 0 0 1 0 0 0 0 0 0 0 1 0 0 0 0 1 0 1 0 1 0 0 2 0 
0 0 0 0 0 1 0 0 0 0 1 0 0 0 1 0 0 1 0 0 0 1 0 0 1 0 1 0 0 1 0 0 0 0 0 0 0 0 1 0 0 0 0 0 1 0 0 0 0 0 
0 0 0 0 1 0 0 0 0 0 0 0 0 0 1 1 1 0 0 0 0 1 1 1 1 0 1 0 0 0 0 0 0 0 0 0 1 0 0 0 0 0 0 0 0 0 0 0 0 0 
0 0 0 0 1 1 0 0 0 0 1 0 0 0 0 0 1 0 0 0 0 0 0 0 0 0 1 0 0 0 0 0 0 0 0 0 1 0 0 1 0 0 0 0 0 0 0 0 0 0 
0 0 0 0 1 0 0 0 0 0 0 0 0 0 0 0 0 0 0 0 1 0 0 0 0 1 1 0 0 0 0 0 0 0 0 0 1 1 0 1 0 0 0 0 0 0 0 1 0 0 
0 0 1 0 1 1 1 0 2 0 0 1 0 0 0 0 1 1 0 1 0 2 0 0 1 0 1 0 0 0 0 0 0 0 2 0 2 0 0 1 0 1 0 0 0 1 0 0 0 0 
0 0 0 0 1 0 1 0 1 0 0 0 0 0 0 0 0 0 0 0 0 1 0 0 1 0 1 0 0 0 0 0 0 0 1 0 0 0 0 0 0 0 0 0 0 0 0 0 1 0 
1 0 2 0 0 0 0 0 1 1 0 0 0 0 0 1 1 0 0 0 0 0 0 0 1 0 1 0 0 0 0 0 0 0 1 0 1 0 0 0 0 0 0 1 0 0 0 0 0 0 
0 0 0 0 0 0 0 0 0 0 0 1 1 0 0 1 0 0 0 0 0 1 0 0 2 0 1 0 0 0 0 0 1 0 0 0 1 1 1 0 0 0 0 1 0 0 0 0 0 0 
1 0 0 0 0 1 0 1 0 0 1 0 1 0 0 1 0 0 0 0 0 0 1 0 1 0 1 0 0 0 0 0 0 0 0 0 0 1 0 0 0 1 0 0 0 0 0 1 1 0 
2 0 1 0 0 1 0 0 1 0 0 0 0 0 0 0 0 0 0 0 0 1 2 0 0 0 1 0 0 1 0 0 2 0 0 0 0 0 0 0 0 0 0 0 1 1 0 0 0 0 
1 0 0 0 0 1 0 0 0 0 0 0 0 0 0 0 0 0 0 0 0 1 0 0 0 0 2 0 1 0 0 0 0 0 0 0 1 0 1 1 0 0 0 1 0 0 0 0 0 0 
0 0 0 0 0 1 1 0 0 0 0 0 0 1 0 0 0 0 0 0 0 0 0 0 1 1 1 0 0 0 1 0 0 0 0 0 0 0 0 0 0 0 0 1 0 0 0 0 0 0 
0 0 0 0 0 0 0 0 0 0 0 0 0 0 0 0 1 0 0 1 0 0 0 1 1 1 1 0 0 0 0 0 0 0 0 1 1 0 0 1 0 0 0 0 0 2 0 0 0 0 
0 0 0 0 0 0 0 0 0 0 0 0 0 0 0 0 0 0 0 0 0 0 0 1 0 0 1 0 0 0 0 0 0 0 0 0 0 1 0 0 0 0 0 0 0 0 0 0 0 0 
0 0 0 0 0 1 0 1 0 0 0 0 0 0 0 1 0 1 0 0 0 0 0 0 1 1 1 0 0 0 0 0 0 0 0 0 0 0 0 0 0 0 1 0 0 0 0 2 1 0 
0 1 0 0 0 0 0 2 0 0 0 0 0 0 0 0 2 0 0 0 0 0 0 0 1 1 1 0 0 0 0 1 0 0 0 0 1 0 1 0 0 0 0 0 0 0 0 0 0 0 
1 0 0 0 0 1 1 1 0 0 0 0 0 1 0 0 1 0 0 0 1 0 0 0 1 0 1 0 0 0 0 0 0 0 1 0 0 0 1 0 0 0 0 0 0 0 0 0 0 0 
1 0 0 1 0 0 1 0 0 0 0 0 0 0 0 0 0 0 0 0 0 1 0 1 0 0 2 0 1 0 0 0 0 0 0 0 0 0 0 0 0 0 1 1 1 1 0 0 0 1 
1 0 0 0 0 0 0 0 0 0 0 0 0 0 1 0 1 0 0 0 0 0 0 0 0 0 0 0 0 0 0 0 1 0 0 0 0 0 0 0 0 0 1 0 0 1 0 0 0 0 
0 0 0 0 0 1 0 0 0 0 0 1 0 0 1 0 0 0 0 0 0 0 0 0 0 0 1 0 0 0 0 0 0 0 0 0 0 0 1 0 0 0 0 1 0 0 0 0 1 0 
1 0 0 0 3 0 0 0 0 0 0 0 0 0 0 0 1 0 0 0 0 0 0 0 1 0 1 0 0 0 0 0 0 0 0 0 1 0 0 0 0 0 0 0 0 0 0 0 0 0 
0 0 0 0 0 1 1 0 0 2 1 0 0 0 0 0 0 0 0 2 1 0 0 1 0 0 1 0 0 0 0 0 0 1 0 1 1 1 0 1 0 0 0 0 1 1 0 0 1 0 
1 0 0 0 0 1 0 0 0 0 0 0 1 0 0 0 0 0 1 0 0 0 0 0 1 0 1 0 0 1 0 0 0 0 1 0 1 0 0 0 0 0 0 0 0 0 2 0 1 0 
0 0 2 0 0 1 0 0 0 0 0 0 0 0 0 0 0 0 0 0 0 0 0 0 0 0 1 0 0 0 0 0 0 0 0 0 0 0 1 1 0 0 0 0 1 1 0 0 1 0 
0 2 0 0 0 0 0 0 0 0 0 0 0 0 0 0 0 0 0 0 0 1 1 0 0 0 1 0 0 0 0 0 0 0 0 0 1 1 0 0 0 0 0 0 0 1 0 0 0 0 
0 1 0 0 0 0 0 0 0 0 0 0 0 0 1 0 0 0 0 0 0 0 0 0 0 0 1 0 0 0 0 0 1 1 0 0 0 0 0 0 0 1 0 0 0 0 0 0 1 0 
0 0 1 0 0 0 1 3 1 0 0 0 0 0 0 0 0 0 0 0 0 1 0 0 1 0 1 0 1 0 0 0 0 1 0 1 0 0 0 0 0 0 0 0 0 1 0 0 3 0 
0 0 0 0 0 0 0 0 0 1 0 2 1 0 0 0 0 0 0 1 0 1 0 0 1 1 1 1 0 0 1 0 0 0 0 0 2 1 1 0 1 0 0 0 0 1 0 0 0 0 
0 0 0 0 0 0 0 0 0 0 0 0 1 0 0 0 1 0 1 0 0 0 0 0 0 0 1 0 1 0 0 0 0 0 0 0 1 1 0 0 0 0 1 0 0 0 0 1 3 1 
0 0 0 0 1 0 0 0 0 0 0 1 0 0 0 0 0 0 0 0 1 0 0 1 0 1 2 0 0 0 0 0 0 1 0 0 0 1 0 1 0 0 0 1 0 1 0 0 0 0 
0 0 1 0 1 1 0 0 0 0 1 0 0 0 1 0 0 0 1 0 0 0 0 0 0 0 1 0 1 0 0 0 0 0 1 0 0 0 0 0 0 0 0 0 0 1 0 0 0 0 
0 1 0 0 0 0 0 0 0 1 0 1 0 0 0 0 1 0 0 0 1 0 1 0 1 0 2 0 1 0 0 0 0 0 0 0 1 1 1 0 0 0 0 1 1 1 0 0 0 0 
0 0 0 0 0 0 0 0 1 0 0 0 1 0 0 0 0 0 0 0 0 0 0 0 0 0 1 0 0 0 1 1 0 0 2 1 0 0 0 0 0 0 0 0 0 1 0 0 0 0 
0 0 1 0 0 0 0 0 0 1 0 0 0 0 0 0 0 0 0 0 0 0 0 0 0 0 1 0 1 0 0 0 0 0 0 0 0 0 0 0 0 1 0 0 0 1 0 0 0 0 
0 0 0 0 0 0 0 1 0 0 1 0 0 0 0 0 0 0 0 0 0 0 0 0 1 0 1 0 1 0 0 0 0 0 0 0 1 0 0 0 0 0 0 0 0 1 0 0 0 0 
0 0 0 0 0 0 0 0 0 0 0 0 1 0 0 0 0 0 0 0 1 0 0 0 0 0 1 0 0 1 0 0 0 0 0 0 0 0 0 0 0 0 0 0 0 0 0 0 1 1 
0 0 1 0 0 1 0 0 1 1 0 0 0 0 0 0 0 0 0 1 0 0 0 0 1 0 1 0 0 0 0 0 0 0 0 0 1 0 0 0 0 0 1 1 0 0 0 0 0 0 
0 1 0 0 1 2 0 0 0 0 0 0 1 0 0 1 0 0 1 0 1 0 0 0 0 0 1 0 0 0 0 0 0 0 0 0 0 0 1 0 0 0 0 2 0 0 0 0 0 0 
0 0 0 0 0 0 0 1 0 0 0 0 0 0 1 0 0 0 0 1 0 1 0 0 1 0 1 0 0 0 0 1 1 0 0 1 0 1 0 0 0 1 0 0 0 1 0 0 1 0 
0 0 0 0 0 0 0 1 0 0 0 0 0 0 2 0 1 0 0 0 1 0 1 0 1 0 0 0 0 1 0 0 0 0 0 0 1 0 0 0 0 0 0 0 0 0 1 0 0 0 
0 0 0 1 1 0 0 0 1 2 0 1 1 1 0 1 1 0 0 0 0 0 0 1 0 0 1 0 0 0 0 1 4 0 0 0 0 1 0 0 0 0 0 0 0 1 0 0 0 0 
0 0 0 0 1 0 0 0 0 0 0 0 0 0 1 0 0 0 0 0 0 0 0 0 0 0 1 0 0 0 0 1 1 0 0 0 0 0 0 0 0 1 0 0 0 1 0 0 0 0 
0 0 0 0 0 0 0 0 1 0 0 0 0 0 0 0 0 0 0 0 0 0 0 0 0 0 1 0 1 1 0 1 1 0 0 0 0 0 0 0 0 0 0 0 0 0 1 0 1 0 
0 0 0 0 0 0 0 0 0 0 0 0 1 0 1 0 0 0 0 0 0 0 0 0 1 0 1 0 1 0 0 2 0 0 0 0 0 0 0 0 0 0 0 0 0 0 0 0 0 0 
0 1 0 0 0 0 0 0 0 0 1 0 0 0 0 0 0 0 0 0 0 0 0 0 0 0 1 0 1 0 0 1 0 1 0 0 0 0 0 0 0 0 0 0 0 1 0 0 0 0 
1 0 0 0 0 0 0 0 0 0 0 0 1 0 0 0 2 0 0 0 0 0 1 0 0 0 1 0 0 0 0 0 0 0 1 0 0 0 0 0 0 0 0 0 0 1 0 0 0 0 
0 0 1 0 0 0 0 0 0 0 1 0 0 0 1 2 0 1 0 0 0 0 1 0 1 0 1 0 1 0 0 0 0 0 1 0 1 1 0 0 0 0 0 0 0 0 0 0 0 0 
0 0 0 0 0 0 0 0 1 0 0 0 0 0 0 1 0 0 0 1 0 0 0 0 1 0 1 0 0 0 0 0 0 0 1 0 1 0 0 0 0 0 0 2 0 0 0 0 0 0 
0 0 0 0 0 0 1 0 0 0 0 0 0 0 1 1 1 0 0 0 1 0 1 0 1 0 1 0 0 1 1 1 0 0 0 0 0 0 0 0 0 0 0 0 1 1 0 0 0 0 
0 0 0 0 0 0 1 1 0 2 0 1 0 0 0 1 0 0 0 0 0 0 0 0 0 1 2 0 0 0 0 1 0 0 0 0 0 0 1 0 0 0 0 0 1 0 0 0 0 0 
0 0 1 0 1 1 0 0 0 0 1 0 0 0 0 0 0 0 0 0 0 0 0 0 1 0 1 0 1 0 0 0 1 0 0 1 1 0 0 0 0 0 0 1 1 0 0 0 0 1 
1 0 0 0 0 0 0 0 0 0 0 0 0 0 1 1 0 0 0 0 0 0 1 0 0 0 1 0 0 0 0 0 0 0 0 0 1 1 0 0 0 0 0 0 0 0 0 0 1 0 
0 0 0 0 0 0 0 0 1 1 0 0 0 0 0 0 1 0 1 0 1 0 0 0 1 0 1 0 0 0 0 2 2 0 0 0 1 0 1 0 0 0 0 1 0 0 0 0 0 0 
0 0 0 0 0 0 0 0 0 0 0 0 0 0 0 2 1 1 0 0 0 1 0 0 0 0 1 0 0 0 0 1 0 0 0 0 0 0 0 0 0 0 0 0 0 0 0 0 0 0 
0 0 0 0 0 1 0 0 0 1 0 1 0 0 0 2 0 0 0 0 0 0 0 0 0 1 2 0 0 0 0 0 5 0 1 1 1 0 1 1 0 0 0 0 0 0 0 0 2 0 
0 0 0 0 0 0 0 0 0 0 0 0 0 0 0 1 0 0 0 0 0 0 1 1 0 0 1 0 0 0 0 0 0 0 0 0 0 0 0 0 0 0 0 0 0 1 0 0 3 0 
0 0 0 0 1 0 0 0 0 0 0 0 0 0 0 0 0 0 1 1 0 0 0 0 0 0 1 0 0 0 0 0 3 0 0 0 0 1 0 0 0 1 0 0 0 1 0 1 0 1 
0 1 0 1 0 0 0 0 0 0 0 0 1 0 0 1 0 0 0 0 0 0 1 0 0 0 1 0 0 0 0 0 0 0 0 0 0 0 0 0 1 0 0 0 1 0 0 0 0 0 
0 0 0 0 0 0 0 0 0 0 1 0 0 0 0 0 2 0 0 0 1 0 0 0 0 0 1 0 0 1 0 0 0 0 0 0 0 0 0 0 0 0 0 0 0 0 1 0 0 0 
0 0 1 0 0 0 0 0 0 0 1 0 2 0 0 0 0 0 0 0 0 0 0 0 0 0 1 0 0 0 0 0 0 0 0 0 0 0 0 0 0 0 0 0 0 1 0 0 0 0 
0 2 0 0 0 1 0 0 0 0 0 1 0 0 0 0 0 0 1 0 0 1 0 0 1 0 2 1 0 0 0 1 2 1 0 0 1 0 0 0 0 0 0 0 0 0 2 0 0 0 
0 0 0 0 0 0 0 0 0 1 0 0 0 0 0 0 1 0 0 0 1 0 0 0 1 0 1 0 0 0 0 1 2 0 0 0 1 0 0 0 0 0 0 1 1 1 1 0 1 0 
0 0 0 0 0 1 0 0 1 0 0 0 0 0 0 0 0 0 0 0 1 0 1 0 0 0 1 0 0 0 0 1 0 0 0 1 1 0 1 1 0 0 1 0 0 1 0 0 0 0 
0 0 0 0 0 2 1 0 0 0 1 0 0 0 1 0 0 0 0 0 0 0 0 0 1 0 1 0 1 0 0 0 0 0 0 0 1 0 0 0 0 0 0 0 0 1 0 1 0 0 
0 0 0 0 0 0 1 0 0 0 0 0 0 0 0 0 1 0 0 0 0 0 0 0 0 0 1 0 0 0 0 0 0 0 0 0 0 0 1 2 0 0 0 0 0 0 0 0 0 0 
0 0 0 0 0 0 1 0 0 0 0 0 1 0 0 0 1 0 0 0 0 0 0 0 1 0 1 0 0 0 0 0 0 0 0 1 1 0 0 0 1 0 0 0 1 0 0 1 0 0 
0 0 0 0 0 0 0 1 0 0 1 0 0 0 0 0 1 0 1 0 0 0 0 1 0 0 1 0 1 0 0 0 0 0 0 0 0 0 0 0 0 0 0 1 0 1 1 0 0 0 
0 0 0 0 1 0 1 0 0 1 0 0 0 0 0 1 0 0 0 0 0 0 0 0 1 1 1 0 1 1 0 0 0 0 1 0 0 0 0 0 0 0 0 1 0 1 0 0 0 0 
0 0 0 0 1 0 1 0 2 0 2 0 1 0 0 0 0 0 0 0 1 0 0 0 1 0 1 0 0 0 0 0 0 0 0 0 0 0 0 0 0 0 0 0 0 1 0 0 0 0 
0 0 0 0 0 1 0 0 0 0 0 1 0 0 1 0 0 0 0 1 0 0 0 0 1 0 1 0 0 0 0 0 0 0 0 1 0 0 2 0 0 0 0 0 0 0 0 1 0 0 
0 0 0 0 0 0 0 0 0 0 1 0 0 0 0 1 0 0 0 0 1 0 0 0 0 0 1 0 0 0 0 1 0 0 0 0 1 0 0 0 0 0 0 0 1 1 0 0 0 0 
1 0 0 0 0 1 1 0 0 0 0 0 0 1 0 0 0 0 0 0 0 1 0 0 0 0 2 0 0 1 0 0 0 1 0 0 0 0 1 1 0 2 0 0 1 2 0 1 1 0 
0 0 0 0 0 0 0 0 0 0 0 0 0 0 1 0 0 1 0 0 0 0 0 0 1 0 1 0 0 0 0 0 1 0 0 0 1 0 0 0 0 0 0 0 0 1 0 0 0 0 
1 0 0 0 0 1 1 1 0 0 0 0 0 0 0 0 1 0 0 0 0 0 0 0 0 0 1 0 0 0 0 0 0 0 0 0 2 0 1 1 0 0 0 0 0 0 0 0 1 1 
0 0 0 0 0 0 0 1 0 0 0 0 3 0 0 0 2 0 0 0 0 0 0 0 0 0 1 0 1 0 1 0 0 0 0 0 0 0 0 0 0 0 0 0 0 1 1 0 0 0 
0 0 0 0 0 0 0 0 0 0 0 0 0 1 0 1 1 0 0 0 0 0 0 0 1 1 1 1 0 0 0 0 0 0 0 0 1 0 0 0 0 0 0 1 0 0 0 0 0 0 
0 0 0 0 0 0 1 0 0 1 0 0 0 0 0 2 0 0 0 0 0 0 0 0 0 0 1 0 0 0 0 1 0 0 1 0 0 0 0 1 0 0 0 0 0 0 0 0 0 0 
0 0 0 0 0 2 1 0 0 0 0 0 0 1 0 0 0 0 0 0 0 0 0 0 1 0 1 0 1 0 0 0 0 0 1 0 1 0 0 0 0 0 0 1 0 0 1 0 1 0 
10 17 19 15 23 23 13 13 16 18 18 6 18 16 16 10 17 23 14 16 17 24 10 12 12 21 12 24 15 23 15 21 11 17 27 15 15 16 15 12 24 12 31 7 8 12 18 26 22 12 
20 16 17 13 27 26 19 19 23 41 20 13 17 9 22 17 20 17 18 27 20 38 14 24 31 22 15 24 30 19 19 18 24 28 17 8 29 24 18 18 27 27 26 26 32 21 22 20 28 19 
21 28 13 16 33 17 17 19 24 15 17 10 15 12 8 6 20 30 19 25 6 19 6 18 18 14 18 19 24 26 19 17 10 30 20 17 10 19 16 11 10 27 16 20 10 30 21 21 19 21 
23 23 24 27 18 21 10 19 24 20 25 27 21 23 20 11 35 22 28 44 14 34 15 23 19 18 13 16 28 41 25 17 16 19 17 18 22 21 21 18 21 32 24 24 15 15 20 20 24 22 
44 15 27 28 22 21 23 25 21 20 18 22 15 25 19 6 29 30 24 29 12 16 18 28 26 28 12 23 35 25 23 20 11 15 19 16 23 17 23 34 17 15 31 19 23 26 18 20 21 20 
17 19 9 12 15 13 16 4 11 10 15 8 6 10 19 8 16 12 13 9 15 15 6 14 10 9 10 13 9 9 13 12 2 10 13 24 16 8 13 11 8 6 25 7 8 5 13 7 8 9 
20 13 18 11 15 13 8 23 16 20 13 12 11 11 23 1 21 22 11 10 21 18 18 16 9 13 12 15 12 31 19 16 13 15 12 20 18 19 12 24 17 14 14 9 9 15 12 14 18 15 
11 9 10 9 7 9 3 8 11 7 7 9 9 5 16 3 9 18 5 10 22 24 12 6 4 17 14 11 8 13 14 23 6 17 21 7 4 7 20 2 8 11 10 6 11 17 7 12 21 8 
29 13 24 16 10 12 28 16 23 18 22 18 9 13 17 19 18 23 21 15 16 23 21 19 17 19 18 11 11 15 16 9 8 11 20 15 29 13 18 31 10 18 13 21 15 15 32 12 19 14 
20 8 26 8 9 14 12 9 18 6 13 17 13 16 8 17 17 13 9 23 7 16 16 16 19 12 6 13 2 12 6 18 5 11 9 12 12 10 13 6 12 11 13 28 3 18 12 10 9 13 
17 9 21 20 31 13 14 20 28 15 22 7 26 26 11 11 20 13 20 20 18 27 13 17 20 15 20 23 16 26 14 17 9 17 21 15 14 17 16 20 10 16 42 30 22 28 27 22 11 22 
38 24 15 17 13 15 22 17 13 23 14 26 15 23 19 33 23 13 12 9 13 17 20 17 16 15 21 25 18 11 14 17 8 9 13 20 21 25 15 20 14 9 23 16 13 23 15 17 23 23 
21 14 30 19 37 31 12 15 12 16 19 21 32 23 15 16 16 19 25 18 18 19 29 18 12 15 18 20 23 18 23 15 18 15 11 24 20 18 24 16 16 21 18 26 18 32 18 18 20 17 
11 16 30 22 36 18 26 11 24 20 27 22 16 27 28 8 17 31 32 30 31 28 18 13 9 13 17 19 20 14 25 38 30 16 22 17 10 17 21 17 18 28 18 23 30 24 22 20 17 25 
34 16 19 12 21 13 14 15 11 13 23 23 12 11 22 6 11 17 19 45 12 19 6 19 12 15 12 9 17 19 23 18 12 22 13 15 12 18 8 28 15 35 24 13 18 20 29 18 27 22 
4 8 8 9 21 22 9 14 13 4 8 14 14 13 11 3 8 12 19 5 7 11 8 14 9 16 13 19 6 16 13 12 8 13 15 19 9 12 10 8 9 26 14 8 17 14 16 13 6 14 
15 14 14 12 12 12 14 11 18 8 19 14 16 12 22 25 13 12 14 19 11 23 20 7 17 16 16 20 18 12 20 7 11 17 9 14 17 9 9 18 12 16 21 13 14 10 16 11 13 10 
11 14 13 16 6 12 8 11 21 18 10 15 18 21 5 16 21 11 13 12 14 13 10 11 11 16 14 13 13 19 13 15 14 11 11 12 25 11 14 25 11 14 19 14 4 15 11 11 9 20 
21 17 18 12 10 22 29 19 15 23 21 26 14 20 10 26 30 15 18 14 13 19 10 18 17 20 16 13 23 16 20 17 11 14 10 9 20 25 13 16 13 16 14 14 10 20 15 15 6 10 
28 16 15 42 13 14 18 19 10 18 21 18 12 21 23 27 16 22 22 32 15 19 21 11 13 9 22 32 34 24 14 26 17 25 20 23 23 16 21 18 33 25 18 23 27 15 35 15 25 24 
18 10 27 32 12 9 12 19 14 14 12 22 19 14 13 21 23 11 12 16 19 15 17 20 13 6 19 12 21 19 16 13 10 24 7 17 18 19 19 28 10 7 9 13 15 18 13 22 12 20 
24 16 27 14 10 23 25 28 15 14 17 18 18 21 13 29 16 21 23 21 17 27 37 18 18 14 29 23 17 19 13 18 12 20 18 26 21 13 15 16 14 20 22 14 15 16 23 17 19 13 
12 14 16 25 18 10 16 7 13 16 37 11 15 11 6 31 9 10 13 21 19 11 14 17 15 8 19 17 10 17 21 12 16 15 12 21 20 11 11 12 18 13 14 12 14 12 14 11 16 18 
0 1 0 1 0 0 0 1 3 2 0 1 0 0 0 1 0 1 1 1 0 1 0 2 1 1 2 0 1 0 1 0 0 0 0 0 2 2 0 2 0 1 0 2 0 0 2 1 1 1 
14 15 19 15 23 15 24 12 14 13 15 28 11 12 12 15 20 10 19 11 16 26 16 12 14 22 12 12 15 33 16 24 7 21 11 26 23 21 13 16 11 16 25 13 14 16 15 14 17 10 
24 19 9 25 27 26 21 23 23 16 28 18 23 24 12 33 22 21 14 15 21 26 22 18 22 19 16 21 20 25 17 29 28 17 16 17 25 19 29 16 25 22 23 14 22 38 24 11 17 16 
9 27 13 17 30 19 10 18 20 11 10 19 17 16 21 8 13 18 7 19 17 18 25 8 11 18 11 19 18 17 17 22 19 14 28 14 13 17 7 14 13 14 22 13 10 11 11 15 10 13 
26 25 16 16 29 20 13 30 16 14 27 20 20 25 14 27 12 17 30 20 31 12 24 26 18 24 16 33 15 19 22 11 24 27 26 16 18 27 29 19 21 18 29 22 22 21 29 36 32 26 
13 15 9 11 19 8 20 24 21 13 24 15 15 15 13 21 12 15 16 15 18 11 34 6 19 19 11 19 12 11 14 16 17 19 15 14 15 15 13 17 11 12 18 14 14 20 16 20 14 15 
16 25 25 19 16 24 14 14 22 50 23 7 14 18 25 11 21 21 21 30 14 17 14 17 11 24 17 26 24 18 22 16 19 25 32 25 14 32 27 16 19 25 30 13 16 12 28 22 25 18 
24 29 18 30 48 33 19 19 36 28 35 28 32 30 21 10 34 28 36 28 19 36 41 44 14 19 19 32 30 20 27 32 28 43 48 32 12 33 27 27 34 17 51 34 25 23 27 32 21 27 
19 27 16 16 35 46 20 17 16 27 42 26 18 19 15 13 15 30 28 24 17 20 19 12 32 25 28 14 11 24 20 18 11 25 33 20 11 17 17 10 11 28 24 34 13 12 22 16 16 14 
20 14 17 21 19 22 24 25 16 16 29 18 8 10 26 14 17 16 13 18 27 13 14 9 15 22 14 22 18 24 35 17 13 23 20 28 15 23 16 17 14 5 15 21 18 9 7 22 17 19 
25 7 21 17 14 10 20 19 24 19 16 19 17 13 18 24 27 16 13 19 18 13 24 19 23 23 7 27 7 27 21 15 10 30 17 21 25 18 13 15 12 15 17 22 18 29 14 14 16 18 
14 16 6 11 18 10 10 13 12 17 10 12 11 15 6 6 13 15 13 13 13 20 8 7 12 22 11 18 7 12 8 19 13 12 21 13 12 20 13 10 13 9 8 10 4 18 11 10 15 13 
12 33 11 31 19 22 7 19 16 25 31 8 28 21 14 5 17 54 23 19 21 19 10 15 9 29 23 20 19 16 28 12 26 22 11 17 4 17 22 12 90 20 45 28 11 17 24 22 18 11 
10 26 18 13 27 19 22 14 24 14 20 13 13 18 12 7 13 23 18 22 17 21 10 19 9 11 7 19 9 31 12 11 11 22 20 9 8 16 17 8 91 15 21 14 8 7 22 12 12 14 
24 17 11 23 14 16 11 30 21 25 24 15 17 23 19 17 27 16 12 12 18 12 10 25 9 16 15 16 16 19 19 14 13 16 20 17 16 21 17 15 25 22 24 21 10 20 18 16 13 7 
15 15 25 20 35 36 18 11 18 14 21 28 15 22 8 5 13 15 20 28 16 12 17 22 10 16 17 16 10 24 19 24 19 15 18 25 10 14 17 16 14 28 27 15 12 10 21 14 15 15 
16 17 25 24 23 29 13 30 10 20 27 22 19 22 21 16 23 13 13 14 25 18 33 28 27 28 29 18 18 18 31 15 21 25 23 17 21 15 16 17 16 32 27 24 9 18 21 24 17 20 
10 7 11 21 13 7 12 20 15 10 13 10 11 20 15 7 19 16 20 21 12 18 4 12 6 23 18 15 21 19 24 15 9 16 25 10 11 15 17 10 21 15 16 21 9 6 16 23 10 20 
12 22 7 10 17 13 22 15 20 16 17 10 13 14 10 6 18 15 16 17 13 13 10 12 8 14 15 17 12 25 13 15 9 24 36 13 7 7 14 13 12 15 19 13 6 15 25 17 20 21 
13 20 21 26 28 15 21 13 23 28 21 11 24 31 20 5 16 18 25 30 19 21 17 22 7 25 27 22 17 18 28 27 5 31 25 30 8 26 26 21 56 48 14 30 20 19 31 20 23 21 
3 17 10 19 15 13 6 12 22 29 14 9 9 18 17 8 12 27 20 17 24 16 15 14 4 13 13 21 8 17 22 19 12 16 24 18 16 13 22 12 15 27 11 16 16 15 17 17 18 23 
6 20 20 26 22 48 18 15 17 30 20 20 22 21 17 1 17 16 9 21 20 13 25 21 8 27 16 21 11 16 24 19 11 14 32 16 7 15 13 11 14 19 21 13 12 14 15 16 17 23 
6 26 16 18 16 30 14 13 18 16 33 13 17 26 15 3 24 15 29 13 16 24 17 13 6 30 15 23 14 18 29 14 23 25 20 26 15 14 25 14 29 15 32 11 7 9 23 17 29 18 
9 22 15 22 23 34 14 9 22 15 21 22 10 35 20 1 16 16 12 19 17 27 14 16 19 12 17 32 10 11 21 10 9 4 22 16 16 16 16 18 15 19 11 16 8 7 12 19 24 15 
20 10 9 17 18 17 12 4 17 16 37 15 22 20 19 10 13 14 12 20 19 19 15 10 32 13 13 13 12 21 14 32 14 24 19 23 20 22 14 35 21 19 20 11 15 9 14 5 35 16 
23 17 17 20 20 17 22 11 20 18 25 15 13 26 23 17 15 11 20 16 17 27 13 15 17 27 7 12 10 22 26 16 11 24 17 14 12 17 12 21 24 13 21 23 13 19 17 20 16 11 
22 15 17 17 25 13 12 21 20 34 27 30 15 18 26 17 28 17 10 19 11 19 15 9 31 27 9 15 24 19 18 16 11 17 15 15 27 18 18 28 20 25 15 15 18 20 14 24 21 23 
6 13 29 22 16 30 19 14 11 29 13 13 23 7 12 5 25 24 19 11 22 27 21 12 13 21 5 21 22 19 17 35 10 15 19 5 5 18 27 12 24 21 17 13 21 7 14 18 16 20 
16 15 24 11 15 22 21 16 12 18 15 20 14 15 15 13 20 11 17 10 10 19 17 17 11 9 13 19 23 19 10 14 9 17 10 9 11 15 13 19 9 22 31 17 13 22 17 24 22 13 
19 21 19 25 16 22 13 18 13 16 15 10 21 15 24 15 16 19 10 18 20 21 15 23 8 14 10 27 19 23 12 18 12 17 15 14 9 18 20 11 25 7 22 16 20 28 18 20 19 25 
10 12 11 14 25 20 20 16 16 18 9 29 20 29 35 6 17 20 26 20 12 22 17 16 5 35 13 17 21 21 18 10 26 23 49 16 6 14 25 11 16 19 25 21 19 11 21 10 23 20 
37 42 42 22 61 39 39 51 49 68 32 27 34 37 44 28 45 39 31 34 43 61 19 34 48 37 28 54 43 32 24 27 17 39 47 28 44 20 25 45 35 36 30 25 29 41 30 44 35 44 
19 20 16 13 19 19 33 17 23 14 26 13 38 24 21 4 26 14 20 26 22 14 28 22 23 19 19 18 17 24 16 25 16 35 32 25 20 19 44 18 29 28 18 14 16 16 29 33 38 34 
14 10 18 13 13 12 23 10 12 19 17 19 17 10 15 40 17 25 20 8 26 18 18 13 22 17 11 17 19 12 15 24 8 17 16 24 18 27 8 22 13 10 12 16 10 17 9 15 13 13 
10 5 10 8 16 18 13 7 13 21 19 21 33 16 24 29 15 19 11 10 22 10 17 16 22 15 19 12 17 12 11 13 12 9 8 11 15 20 23 16 23 5 14 20 16 25 25 10 16 20 
20 11 13 19 17 14 22 16 12 18 9 23 27 18 25 29 15 18 12 14 20 15 14 16 16 18 13 22 7 31 19 20 18 11 18 17 19 30 9 18 12 15 17 20 18 25 20 18 13 23 
19 24 26 18 24 14 8 21 12 26 16 21 9 13 13 23 21 27 11 5 12 15 13 12 9 12 20 7 14 12 12 14 51 20 14 13 9 12 13 14 23 14 14 17 17 11 14 16 19 11 
28 20 17 21 10 11 20 16 17 14 23 27 16 14 22 10 14 22 22 24 18 21 13 23 10 17 12 17 22 21 18 19 13 18 7 20 14 22 22 14 25 10 28 18 14 21 18 17 29 16 
15 23 17 14 13 4 16 13 9 18 14 22 17 7 14 27 21 16 6 8 22 11 12 14 13 13 16 9 21 15 10 15 18 20 12 12 12 11 8 13 13 9 22 15 9 11 11 10 10 13 
16 12 21 21 10 13 17 19 17 12 17 23 18 15 8 20 19 22 15 28 16 21 18 16 14 17 11 22 10 17 22 14 19 13 16 15 17 27 20 26 18 18 12 18 20 24 27 19 13 12 
8 11 17 9 11 6 23 23 20 8 14 26 9 9 22 30 17 21 23 4 16 4 15 16 16 15 16 15 6 8 8 10 13 6 15 12 14 17 6 19 11 10 4 11 13 16 22 9 8 21 
0 0 0 0 0 0 0 1 0 1 1 0 0 0 0 1 2 0 0 0 0 0 0 0 1 1 0 0 1 0 0 0 0 0 0 0 0 3 0 0 0 0 1 1 0 0 0 1 2 0 
13 14 18 22 14 21 27 23 12 17 13 14 9 10 13 26 14 33 10 9 17 23 23 21 25 22 16 11 19 17 12 16 9 19 12 16 20 12 29 19 19 26 17 18 15 17 22 17 8 18 
13 11 10 16 14 8 11 19 7 10 11 19 13 13 10 16 18 10 8 20 9 12 15 8 15 13 5 11 12 10 12 9 13 11 9 11 11 15 10 14 10 6 5 8 11 19 8 7 9 16 
17 18 19 16 15 8 18 16 12 11 6 12 14 13 10 22 19 15 11 10 8 13 15 6 9 10 14 9 11 9 11 13 14 11 13 21 16 16 11 14 7 14 11 12 11 16 12 18 15 19 
27 11 13 19 10 8 16 8 7 10 9 12 14 12 10 13 17 5 8 13 9 13 9 10 8 10 6 12 15 10 11 21 8 15 13 10 9 14 11 7 6 8 20 16 8 8 10 16 9 10 
38 14 21 11 14 7 26 11 16 18 18 20 11 15 34 10 10 11 16 12 12 9 30 24 23 18 13 21 22 8 17 19 18 18 16 27 20 18 15 19 8 15 29 20 17 25 20 25 12 12 
8 9 3 7 6 9 6 8 7 5 4 6 17 6 9 1 4 8 10 3 5 6 6 4 6 7 8 7 4 7 1 1 6 11 5 6 12 15 4 19 7 2 7 15 3 5 6 14 7 12 
25 10 19 16 10 16 19 18 18 17 16 26 18 16 25 14 10 11 18 20 10 13 16 8 17 10 12 14 25 14 11 19 15 17 10 29 19 15 18 28 11 10 17 16 11 21 21 25 10 13 
22 16 20 18 20 17 33 35 16 21 16 24 10 12 28 26 15 18 12 17 14 14 28 17 21 34 24 19 28 19 17 17 11 18 11 22 18 18 19 23 15 16 15 19 16 28 15 24 18 20 
21 21 18 7 16 20 19 30 13 12 24 20 14 7 22 6 22 19 11 10 18 18 10 5 36 28 8 10 16 11 13 20 18 16 10 10 23 24 29 28 17 11 15 18 7 17 7 21 13 18 
12 40 20 26 18 23 9 7 17 13 19 19 21 11 9 11 28 16 15 7 18 16 23 19 13 21 18 24 14 13 28 16 15 22 13 18 13 13 12 18 19 17 10 9 9 15 23 13 23 25 
12 35 14 18 13 36 13 15 14 16 29 20 15 21 11 22 14 36 21 20 19 20 21 23 18 18 20 24 25 28 20 24 10 20 17 20 20 13 20 21 14 18 20 12 17 26 16 27 15 16 
0 1 0 0 0 1 1 0 0 0 0 0 0 0 2 1 0 0 0 0 0 0 0 0 1 0 1 0 1 0 0 0 0 0 0 0 1 0 0 0 0 1 0 1 0 0 0 0 0 0 
10 104 20 23 24 32 10 20 32 19 20 26 29 29 9 19 17 24 48 21 19 35 22 20 14 25 19 23 22 16 19 13 11 15 25 28 19 20 18 10 28 22 24 25 14 17 20 17 15 19 
15 13 26 7 19 22 10 18 20 17 15 14 16 12 14 21 10 24 13 10 11 18 12 11 7 17 11 17 19 19 15 15 24 20 22 6 11 22 22 12 11 11 11 23 24 16 12 16 22 9 
17 15 15 39 22 32 15 37 18 16 13 18 18 19 31 4 14 24 21 22 28 15 25 19 25 22 16 27 33 29 22 35 17 13 13 26 19 13 32 18 24 10 20 20 29 6 17 18 31 27 
0 0 0 0 0 0 0 0 1 1 0 0 1 1 0 0 1 1 1 0 0 0 0 0 0 0 1 1 2 0 1 0 0 0 0 1 0 1 1 0 0 0 1 0 0 2 1 1 4 1 
0 0 0 0 0 0 0 3 1 1 1 0 1 1 0 0 0 0 1 0 0 1 0 0 0 0 1 0 1 0 2 2 0 2 0 0 1 0 1 1 0 0 0 0 0 0 0 2 0 0 
15 21 23 23 10 32 11 20 20 22 24 32 19 23 29 19 27 21 18 20 34 18 27 15 17 37 13 20 24 24 25 25 15 23 16 17 21 26 14 28 20 22 19 15 16 18 17 31 22 24 
27 15 31 20 25 13 22 22 29 34 20 56 18 25 20 10 36 12 21 19 25 13 13 14 6 22 33 21 11 22 23 22 8 22 14 24 22 19 10 22 15 16 13 14 27 17 23 11 20 28 
18 12 16 20 20 20 16 15 16 27 14 19 10 23 29 8 17 17 35 23 34 11 23 17 25 19 11 13 24 11 11 25 16 20 10 33 10 20 12 20 11 13 13 7 16 13 16 13 16 22 
20 15 24 20 17 15 15 17 19 32 33 11 32 21 29 20 23 24 12 30 13 23 13 29 37 17 46 21 21 28 44 25 12 23 21 27 25 28 26 29 17 15 16 24 28 21 28 27 23 42 
23 18 18 9 10 13 25 19 26 11 12 20 12 25 13 30 18 16 18 14 25 17 27 23 17 5 22 10 19 16 15 18 18 17 10 17 24 27 22 15 16 15 18 28 13 12 31 17 6 18 
0 0 0 0 0 0 0 0 0 0 0 0 0 0 0 0 0 0 0 0 0 1 0 0 0 0 1 0 0 0 0 0 0 0 0 0 0 0 0 0 0 0 0 0 0 0 0 0 0 0 
10 11 17 23 9 8 18 23 11 10 17 20 28 17 17 26 24 22 13 18 15 17 16 11 15 12 8 12 13 24 22 18 13 17 10 14 20 17 17 11 19 5 6 7 18 10 15 8 23 13 
31 14 15 11 17 15 17 11 7 21 19 15 14 16 24 29 12 17 13 12 15 23 10 9 23 30 13 18 15 11 11 17 36 17 16 21 21 25 18 15 12 23 20 26 14 20 19 9 8 19 
18 15 14 13 9 14 15 18 17 18 15 20 14 12 20 18 15 13 17 21 19 17 15 14 22 13 21 14 22 17 19 14 38 18 9 21 27 8 15 18 16 13 16 18 11 19 13 17 14 10 
26 14 24 19 20 35 20 18 23 21 19 15 14 20 12 21 17 18 14 27 28 7 10 20 21 23 19 24 30 16 28 15 36 11 13 16 19 18 16 13 25 16 13 13 24 25 11 21 13 16 
17 17 15 15 17 16 13 32 9 21 20 21 11 16 17 37 10 10 17 16 21 21 23 13 17 20 11 8 26 17 17 25 28 17 18 9 12 14 16 18 11 11 14 27 26 22 19 24 20 9 
25 16 11 27 12 12 14 31 15 26 21 14 20 27 18 42 11 19 22 17 21 20 15 14 27 23 17 18 18 15 21 19 26 15 14 23 21 19 15 24 15 24 29 18 21 22 24 16 24 19 
11 7 12 28 19 23 20 22 18 18 12 8 13 30 12 18 18 12 13 21 28 15 21 15 22 24 17 13 19 21 22 10 20 20 15 20 14 17 10 13 22 16 18 19 24 15 13 14 12 19 
25 17 17 18 15 14 23 11 19 14 23 18 21 29 13 28 17 18 15 22 23 15 11 28 17 21 19 30 12 21 21 20 67 13 16 14 15 9 16 21 23 30 17 21 24 21 19 22 21 19 
4 5 10 2 6 10 7 5 4 7 8 13 11 2 5 9 2 6 6 7 5 3 4 7 4 7 6 5 9 2 10 9 30 14 2 4 4 8 6 9 4 4 5 9 6 5 8 6 6 5 
0 0 1 0 0 0 0 0 1 0 0 0 0 0 0 0 0 0 0 0 0 0 0 0 0 0 1 0 0 0 0 0 0 0 1 0 0 0 1 1 0 0 0 0 0 1 1 1 1 0 
25 24 23 24 18 22 23 16 16 19 15 27 35 32 17 9 15 26 22 17 20 25 21 17 22 23 27 27 28 20 19 23 39 17 15 25 12 21 26 21 20 22 21 22 16 31 22 16 21 32 
10 11 8 10 16 7 7 9 10 4 7 8 16 9 13 12 6 7 8 11 6 5 10 13 12 6 8 10 6 11 7 14 15 14 9 12 6 6 13 12 12 6 17 12 6 11 10 5 17 13 
19 19 18 12 19 12 21 16 17 19 18 22 20 24 17 20 16 20 33 16 29 13 16 26 16 28 19 20 13 11 18 10 42 18 18 33 14 17 15 16 8 9 8 31 15 32 19 14 12 11 
17 18 27 24 10 20 23 19 12 15 11 9 34 32 23 37 35 19 23 18 31 18 27 7 24 22 10 15 17 14 14 18 18 16 13 24 26 9 16 19 27 18 22 14 13 16 9 12 25 23 
15 24 14 9 7 10 7 18 21 19 26 18 15 27 10 37 16 14 9 18 20 14 18 19 7 20 16 11 18 22 25 21 29 19 20 11 7 18 18 15 15 11 18 22 23 19 19 19 23 20 
15 28 39 14 16 16 22 22 21 17 12 20 22 16 14 54 10 24 15 12 19 14 37 10 15 20 12 14 16 18 28 22 21 28 16 14 18 20 24 12 21 21 9 19 30 18 20 24 24 14 
0 0 0 2 1 0 1 1 0 1 0 0 1 1 0 1 2 0 0 0 1 0 0 0 0 0 1 0 1 1 2 2 0 0 0 0 0 0 0 1 0 0 0 0 1 2 0 0 0 0 
22 30 25 25 30 38 28 37 37 44 20 23 32 31 29 33 22 37 27 37 22 17 30 33 30 19 28 28 34 34 24 34 44 22 22 29 44 27 27 30 40 35 28 29 37 34 29 33 23 22 
11 14 25 20 17 23 15 23 16 22 25 22 24 13 20 38 21 17 20 16 18 7 15 25 10 20 15 14 9 20 12 13 10 15 9 27 8 12 12 14 10 18 6 7 44 15 17 19 11 28 
16 16 18 14 16 24 20 11 13 17 9 11 13 25 7 8 19 8 16 13 5 14 13 10 18 8 15 14 18 10 13 4 22 6 11 19 25 14 12 27 11 16 13 18 14 15 18 8 15 12 
11 16 14 17 16 13 12 15 7 19 17 19 18 9 24 30 15 23 8 20 22 13 17 15 9 14 18 17 14 14 13 34 23 14 17 14 10 20 17 2 21 6 7 10 52 16 14 11 20 18 
14 6 17 18 17 17 26 23 21 19 12 11 13 14 13 7 15 23 27 23 7 14 16 24 22 27 18 25 22 18 20 29 38 11 9 21 25 8 20 32 14 20 12 19 21 23 17 7 8 27 
13 14 27 17 16 18 15 27 11 19 22 24 27 20 21 31 22 14 12 17 29 16 25 24 7 12 19 18 23 6 28 35 13 17 21 13 9 18 18 7 21 9 15 13 47 24 26 18 17 20 
14 15 14 19 15 19 21 17 16 18 14 28 14 10 26 25 18 21 15 15 23 19 16 20 15 21 12 12 10 18 20 14 135 15 32 23 19 13 15 13 14 19 17 15 16 22 18 18 12 20 
9 15 16 22 25 20 16 19 19 14 11 14 24 9 29 33 22 35 17 22 17 30 14 16 7 8 9 21 22 17 24 23 21 22 19 16 14 22 18 23 13 16 18 27 39 17 15 15 27 19 
14 10 12 8 9 20 8 11 14 6 8 18 17 13 11 7 15 14 23 15 6 14 19 17 10 13 15 18 16 13 17 11 57 15 10 12 17 24 13 11 15 17 9 15 7 13 10 10 14 12 
8 9 6 9 9 6 11 8 6 5 9 12 12 10 9 15 11 8 7 9 13 17 17 9 5 7 12 5 10 8 10 7 3 13 12 15 11 7 3 10 10 10 11 9 20 10 15 9 19 6 
14 16 22 19 23 28 19 18 20 18 17 15 21 17 10 30 25 13 26 16 21 16 24 19 8 19 16 18 15 21 34 30 17 22 20 27 14 14 22 6 23 22 18 11 8 12 32 19 9 22 
22 11 17 16 11 10 17 21 22 22 26 10 6 10 15 31 34 18 21 14 11 7 28 20 17 14 32 14 13 11 11 14 18 21 8 21 18 20 32 23 23 23 12 16 20 12 24 29 30 13 
12 18 10 16 13 22 11 23 23 14 15 10 21 22 17 10 10 11 21 30 20 11 12 18 23 18 24 20 18 10 12 14 34 26 18 22 33 13 16 16 16 15 15 21 12 8 44 8 24 11 
12 9 13 15 7 19 17 10 10 15 14 15 7 10 7 19 15 8 15 8 7 9 9 17 16 10 10 16 6 12 5 8 25 6 11 16 14 16 14 7 9 9 13 11 9 9 16 7 16 10 
17 20 11 18 11 21 12 20 16 23 14 23 11 21 23 21 18 23 21 20 18 11 27 25 20 17 8 8 15 18 12 29 12 11 17 20 17 21 20 20 14 10 21 17 23 17 16 14 13 21 
11 12 8 12 14 15 15 18 8 8 8 11 12 12 17 27 14 15 14 9 24 10 7 14 12 21 25 10 16 13 8 25 8 13 6 13 12 11 15 8 11 13 7 7 27 8 8 14 12 10 
4 3 4 2 6 2 5 1 0 5 6 6 5 1 6 7 6 4 2 1 2 13 6 7 18 3 9 6 5 4 3 7 6 7 5 9 18 4 8 7 6 5 4 5 3 6 3 8 4 5 
9 10 20 26 23 11 20 28 14 16 18 14 19 18 22 25 11 19 30 25 11 15 17 17 21 17 18 11 11 32 23 13 15 12 18 26 29 13 24 20 16 17 16 23 10 21 11 20 12 16 
11 10 10 11 12 5 16 7 7 9 9 16 8 10 8 8 7 2 12 5 12 7 10 5 12 7 19 10 9 14 9 10 7 8 9 11 26 13 14 17 14 9 8 2 8 12 8 11 11 10 
8 12 10 16 15 9 16 14 11 19 13 17 12 20 19 13 16 18 14 11 12 13 14 13 33 14 14 13 9 12 8 18 12 15 6 10 24 18 11 29 13 18 14 13 13 12 24 18 11 10 
15 10 14 30 18 15 18 19 22 21 20 14 17 18 16 15 10 17 15 15 14 16 19 20 17 30 24 22 15 11 16 12 14 15 22 28 14 14 22 19 16 22 31 20 23 15 18 14 12 15 
24 13 7 16 10 17 24 11 12 10 18 11 15 14 22 13 11 11 21 15 12 19 12 13 32 12 21 20 12 22 19 9 7 14 11 22 21 30 19 41 23 8 10 5 6 15 13 12 14 13 
13 29 17 7 20 21 15 12 15 15 20 14 19 14 37 11 21 12 23 17 13 18 12 24 21 10 21 13 6 11 23 21 14 24 20 17 12 16 18 61 20 24 12 17 18 22 20 31 24 21 
16 23 31 16 5 10 20 12 15 16 16 28 20 15 25 27 23 20 17 16 21 23 33 13 23 24 21 15 30 15 8 16 21 14 8 22 28 16 9 10 9 20 19 19 18 16 26 11 11 20 
14 27 31 15 19 21 13 8 22 12 11 22 18 12 10 24 16 16 13 12 14 22 16 28 16 13 17 17 14 19 13 16 16 19 13 12 17 25 13 16 15 21 11 14 24 16 13 24 20 16 
22 20 25 16 17 18 18 20 13 15 12 17 17 22 21 27 20 11 18 22 10 23 23 14 23 18 14 12 22 21 18 15 9 11 13 20 27 26 10 23 17 20 12 17 15 17 15 8 11 21 
17 15 14 28 14 20 10 19 18 15 23 14 19 20 19 23 17 19 14 17 16 14 12 21 16 17 23 22 12 26 22 14 30 24 26 25 22 17 16 15 13 7 9 19 20 12 12 20 23 23 
11 13 18 19 9 16 15 19 15 9 11 26 21 12 18 18 8 10 16 13 13 17 17 9 13 20 12 9 13 9 13 10 19 21 11 21 16 16 7 24 9 12 14 19 8 8 24 18 9 11 
14 27 31 13 33 22 24 20 26 14 13 31 16 24 15 39 13 17 20 16 26 26 17 31 20 20 18 20 20 11 12 19 12 17 17 25 26 23 12 16 19 19 10 17 17 23 20 16 15 24 
20 15 28 18 17 10 17 20 22 18 12 21 19 20 19 32 7 10 34 25 17 15 20 18 38 12 18 14 15 9 12 15 6 13 8 15 44 15 13 32 14 10 11 20 12 8 17 15 26 22 
20 18 18 15 20 18 16 19 7 20 18 17 21 17 15 18 4 14 14 13 13 13 13 16 22 13 19 11 19 10 16 22 20 20 20 15 23 22 13 20 14 20 9 24 18 24 18 14 11 12 
9 20 15 18 10 14 19 11 17 12 11 6 12 12 7 12 7 14 13 6 10 7 11 13 13 16 12 20 8 15 17 19 5 7 14 11 13 17 21 14 17 12 7 13 19 17 14 19 16 10 
