33 18 36 36 69 52 27 35 51 10 22 27 31 28 32 16 35 21 13 52 39 29 32 20 12 34 25 18 33 30 21 36 32 15 33 21 28 24 29 20 27 125 30 21 29 24 33 53 39 16 39 22 28 34 51 29 35 21 18 23 38 32 26 19 24 176 16 42 20 21 32 30 27 33 17 23 23 21 45 23 
29 19 14 11 59 30 19 27 24 27 22 58 26 19 21 21 22 21 15 32 26 20 33 13 18 24 15 24 16 26 18 24 26 16 22 23 11 14 22 28 19 93 41 18 18 42 25 50 29 20 23 33 26 39 23 23 19 31 18 32 71 21 44 18 20 269 16 28 33 19 15 14 25 37 23 30 18 14 30 22 
18 14 33 8 24 35 17 31 25 12 34 34 29 21 22 12 28 34 28 24 37 24 26 27 22 27 23 32 19 23 29 26 29 17 28 32 9 46 24 26 32 243 52 19 12 38 34 39 35 15 32 22 23 32 17 37 10 37 20 34 52 31 41 20 21 33 7 30 31 20 16 17 23 44 8 29 18 15 70 21 
16 22 31 18 17 12 20 24 16 16 23 17 10 32 21 21 22 19 17 26 30 37 18 29 17 45 25 24 30 20 31 31 12 20 26 29 18 19 13 17 27 79 27 8 32 40 32 25 65 23 38 31 20 21 21 23 11 28 24 13 26 15 11 26 17 20 12 16 38 25 18 15 24 40 14 25 17 22 20 17 
28 25 36 33 10 34 28 14 28 27 23 18 30 13 26 21 20 11 23 18 24 18 20 30 23 22 24 26 14 24 21 25 26 24 17 25 46 29 25 30 19 8 12 32 21 27 14 17 22 22 30 31 18 17 22 23 19 35 24 30 24 19 28 22 28 4 24 24 29 38 20 27 26 36 15 39 20 21 12 20 
3 12 12 13 8 5 10 6 9 6 7 10 6 9 6 9 5 6 9 4 9 5 12 11 4 9 4 3 3 5 4 6 15 9 10 4 11 7 2 9 7 2 5 10 13 6 10 12 6 8 9 2 5 13 5 13 6 6 8 15 3 11 11 5 3 2 5 7 9 6 4 7 10 16 13 7 16 5 3 4 
26 26 21 23 20 25 19 13 15 27 24 22 22 26 17 11 12 20 19 13 21 24 17 16 17 11 26 21 25 19 22 22 25 24 17 23 22 21 37 25 18 14 21 22 18 37 30 15 39 12 18 23 13 27 13 16 17 22 28 30 18 15 22 13 26 7 12 26 11 26 14 16 19 20 23 30 33 27 12 20 
11 9 13 14 12 6 16 10 10 10 10 13 14 6 13 5 11 5 13 8 5 7 9 11 6 12 9 4 6 9 9 10 9 14 13 9 18 13 13 12 11 5 6 11 19 7 9 7 2 9 14 12 11 8 13 9 14 21 12 11 9 6 15 16 5 6 18 16 12 9 7 16 6 10 13 6 5 9 3 9 
9 17 12 15 9 8 14 14 14 11 14 11 18 12 13 13 10 13 14 8 11 12 8 8 17 17 9 7 14 11 7 14 6 18 11 8 15 16 5 10 10 4 10 15 35 4 12 11 5 6 18 8 19 7 9 6 16 8 13 21 4 9 15 11 12 4 9 10 9 7 6 11 5 16 20 15 15 14 8 11 
16 11 3 23 5 8 17 16 17 11 8 18 11 11 9 5 6 10 8 13 15 5 7 8 15 16 13 6 8 8 9 12 3 11 5 15 12 14 11 10 4 7 7 6 4 9 11 5 13 12 6 9 11 12 13 8 8 22 13 13 1 14 12 9 12 3 5 10 7 12 8 9 13 9 5 15 14 16 3 10 
10 7 3 6 3 2 10 7 6 6 3 3 8 7 4 4 9 8 8 6 7 3 7 4 7 8 3 8 9 10 13 4 4 13 5 6 12 6 9 4 11 1 4 6 4 10 6 5 4 6 7 3 9 10 7 1 10 5 12 9 2 8 6 10 4 4 10 7 2 10 7 10 7 5 6 8 12 13 8 5 
15 19 28 19 14 22 15 19 14 21 19 11 14 29 16 17 22 30 18 21 14 17 25 26 29 25 28 28 30 14 12 22 15 27 12 41 32 18 11 16 19 11 28 26 14 19 27 23 24 25 15 14 19 19 24 29 11 16 32 26 22 19 30 16 19 6 15 23 15 25 15 19 18 13 19 14 15 13 27 4 
12 8 16 15 19 20 30 23 17 22 21 35 27 17 21 25 20 27 25 16 26 15 14 21 20 20 20 12 21 27 17 14 25 24 29 22 21 17 21 15 18 10 9 34 19 21 12 29 31 24 28 29 22 23 33 15 25 37 25 15 12 35 22 22 19 20 25 27 24 24 32 49 60 32 26 19 26 28 22 16 
5 10 5 8 7 7 23 7 13 20 20 12 9 14 10 6 12 9 19 13 8 10 8 8 15 4 9 9 13 17 7 16 16 9 7 12 11 10 7 4 25 6 6 14 14 10 9 3 12 33 11 8 2 5 15 9 4 6 8 17 3 10 10 7 8 3 4 11 12 17 10 5 10 5 13 16 8 12 15 7 
9 15 11 11 21 22 5 9 15 19 11 12 8 14 11 19 18 7 15 20 20 16 9 7 11 15 6 11 11 9 17 15 9 10 14 14 11 15 16 14 9 5 15 18 11 14 8 9 10 20 14 13 13 15 18 19 5 14 10 11 7 22 5 16 14 5 8 6 20 25 15 14 14 17 14 18 17 13 6 16 
10 5 25 12 7 9 13 32 20 11 10 19 8 15 13 13 15 16 12 2 19 7 14 10 20 24 13 12 17 7 6 15 10 12 13 11 15 10 8 18 7 5 8 7 13 7 7 7 13 11 7 13 16 9 12 11 14 14 15 8 30 15 17 12 13 3 49 7 4 9 12 15 4 16 9 8 11 11 15 5 
2 6 12 3 6 8 15 5 5 9 11 4 7 8 6 6 8 15 4 5 7 8 9 8 6 4 12 8 6 12 10 3 20 10 11 11 9 4 5 9 7 2 4 5 6 9 8 7 3 7 4 5 7 9 4 10 7 8 17 6 5 11 3 13 6 8 4 14 8 7 6 5 5 15 6 15 4 10 4 3 
9 4 11 18 10 7 8 6 10 12 14 4 4 6 6 9 5 5 10 4 15 8 5 6 10 8 6 13 5 6 9 9 8 9 7 14 13 6 9 9 6 3 3 3 7 7 3 9 7 13 19 8 6 16 8 6 10 10 8 14 11 4 3 9 5 3 9 16 7 12 7 11 11 9 9 12 11 13 7 13 
22 16 21 29 31 34 29 18 26 22 16 20 23 24 42 21 24 21 26 27 15 24 28 12 26 14 12 21 25 26 20 37 34 14 24 27 35 24 19 20 22 14 10 29 14 17 17 20 16 35 19 26 25 31 39 22 25 14 16 16 16 28 18 19 26 31 10 15 13 22 34 43 30 20 31 26 12 28 14 22 
26 27 28 41 23 24 51 20 28 34 26 24 41 34 29 42 17 30 28 22 36 21 24 37 33 20 26 22 24 28 25 20 29 36 21 30 40 36 35 24 24 6 27 38 23 29 35 36 21 23 23 29 28 25 22 31 22 25 30 24 14 43 26 28 45 15 25 33 20 40 24 32 25 18 47 20 45 21 41 22 
13 4 4 13 12 11 12 11 10 7 9 5 10 9 15 19 10 16 7 7 8 11 16 16 6 13 12 10 9 10 9 13 22 13 19 12 8 6 13 23 9 8 10 16 15 9 7 8 13 11 13 10 13 18 14 16 19 7 8 7 5 5 8 14 15 1 7 17 16 11 3 9 16 16 9 6 9 13 11 15 
9 27 21 15 14 9 15 14 11 11 34 14 15 22 17 31 18 20 24 17 20 11 17 12 13 13 13 32 8 20 8 17 10 16 12 24 20 17 13 17 11 8 14 28 15 12 13 13 20 27 10 18 17 15 13 13 19 11 16 27 6 11 23 12 10 5 7 15 16 13 10 6 15 20 7 16 11 13 14 8 
37 15 22 35 16 19 30 25 25 27 42 27 25 26 27 28 19 22 27 20 29 29 24 22 40 24 24 45 35 45 28 20 33 33 17 33 45 33 19 18 25 11 39 18 25 26 20 32 25 41 17 25 23 25 32 27 40 19 30 38 41 21 29 41 25 10 97 15 23 30 21 28 25 37 28 44 28 30 36 23 
4 5 4 2 1 0 2 8 2 2 2 8 3 4 3 0 1 1 1 0 3 0 4 2 0 4 2 2 4 2 5 6 4 2 2 2 4 3 4 0 0 2 1 3 2 1 2 3 3 2 0 1 1 2 1 6 3 1 1 3 3 4 4 3 7 4 4 0 4 2 3 2 0 2 2 5 2 1 5 0 
16 21 8 26 26 26 19 23 15 21 15 20 26 24 26 23 21 21 28 21 24 34 24 25 22 18 16 24 22 19 22 18 28 19 18 23 30 15 17 39 24 8 12 23 9 19 20 23 49 25 20 20 19 18 29 26 19 21 22 16 13 15 12 22 20 12 17 22 16 21 36 23 27 19 42 37 17 18 27 17 
16 17 12 16 19 10 14 21 16 15 14 22 7 14 11 14 27 29 13 14 14 14 18 21 14 13 17 7 22 17 8 16 21 11 8 16 12 22 16 15 18 5 13 20 13 15 17 18 14 20 15 17 15 11 14 25 13 16 12 10 17 32 23 31 16 19 8 19 13 13 19 29 15 11 17 18 23 36 9 10 
33 12 34 34 24 33 14 14 29 19 16 15 14 9 26 11 15 23 11 9 6 19 17 18 21 9 12 17 13 24 25 10 25 27 20 11 26 8 20 19 26 6 30 23 19 23 13 14 20 13 26 10 11 15 13 20 20 10 20 15 20 13 36 21 20 12 20 20 15 14 19 27 15 24 23 14 24 23 23 129 
