61 119 105 136 540 115 78 101 52 90 63 84 225 85 121 54 289 74 98 70 
43 79 44 75 167 69 59 172 48 80 70 68 237 50 84 63 700 72 95 49 
46 94 78 56 189 128 96 123 26 78 47 88 631 75 103 97 130 77 142 35 
23 98 77 77 185 143 74 111 49 258 57 68 105 56 149 73 73 53 106 62 
80 114 76 75 61 116 70 109 63 104 71 102 61 113 132 115 38 71 76 231 
46 43 35 25 32 24 20 25 37 27 25 28 22 36 39 32 15 27 25 42 
71 79 84 78 58 69 105 110 100 64 45 109 58 88 137 76 47 96 64 121 
49 36 35 36 31 39 61 41 58 23 73 45 22 54 35 44 26 25 41 40 
38 44 61 38 27 23 74 54 63 50 29 70 40 46 31 65 26 32 37 73 
34 38 34 18 23 48 40 53 41 41 21 66 30 47 74 36 21 45 36 63 
44 30 29 13 18 20 27 21 27 17 39 39 15 25 40 27 12 31 31 31 
64 93 104 66 46 87 111 82 53 88 117 88 77 132 56 49 30 109 77 64 
262 80 94 88 37 75 78 80 81 73 74 62 56 108 128 72 94 89 115 70 
61 37 34 26 19 38 27 62 40 47 17 41 26 53 32 122 18 47 36 49 
52 25 48 72 33 77 65 38 69 43 53 54 40 65 72 47 38 45 36 73 
54 43 56 26 15 54 45 34 43 37 184 63 39 50 61 24 28 40 52 49 
27 25 34 24 18 21 38 29 32 17 11 19 24 56 47 74 19 27 29 33 
37 45 35 37 11 38 31 44 12 30 34 26 28 35 40 40 18 37 61 46 
224 120 94 123 62 79 65 77 152 58 46 92 49 47 95 80 128 69 80 94 
115 84 146 118 47 72 130 127 190 99 73 144 86 187 77 159 82 80 116 135 
57 52 33 31 37 48 37 43 68 127 27 34 34 33 35 38 35 48 38 35 
26 71 74 35 46 60 66 81 63 54 37 97 47 60 49 74 22 129 91 47 
110 122 103 75 65 106 141 97 115 78 367 85 97 88 111 110 75 84 110 141 
7 11 11 5 11 10 6 9 8 11 14 5 13 10 5 12 15 19 14 7 
99 66 91 61 43 98 57 83 122 48 100 97 69 73 90 52 56 276 62 95 
124 62 133 69 70 55 89 36 82 45 54 64 44 46 58 57 73 49 49 43 
100 72 60 446 33 72 70 38 55 59 77 48 48 55 69 57 46 82 48 66 
