58 38 75 42 172 68 52 50 43 35 45 57 49 31 55 23 45 54 52 80 122 355 82 62 45 42 27 57 50 44 148 38 41 52 32 36 44 45 63 51 
37 27 54 44 180 35 32 64 43 47 36 51 56 27 34 44 48 21 57 47 57 103 73 45 43 37 32 40 33 25 470 39 44 63 34 34 52 46 30 40 
54 16 37 31 287 59 41 46 43 59 36 66 48 20 28 46 61 35 98 53 267 39 119 63 45 38 32 31 24 24 69 63 37 62 44 35 59 51 40 33 
33 25 46 40 176 28 40 56 58 55 41 56 54 22 45 20 45 40 36 41 59 45 48 37 146 32 39 31 56 35 40 38 29 48 23 52 48 67 32 35 
37 57 50 40 25 46 56 39 34 71 52 35 56 37 35 33 44 61 40 45 43 28 40 45 81 68 48 61 55 49 17 45 40 67 28 59 60 51 64 36 
18 19 29 16 4 12 17 19 10 10 26 11 8 15 17 7 11 18 10 19 15 7 12 15 12 12 15 17 20 25 6 17 22 13 22 18 23 17 13 8 
60 26 38 29 22 49 42 52 34 38 44 30 34 34 42 20 23 79 48 39 43 24 39 45 44 44 37 40 50 33 19 51 50 44 70 37 61 40 71 34 
20 34 17 19 9 17 29 20 20 23 13 26 18 17 29 39 17 23 22 12 15 12 14 20 11 15 22 33 25 19 22 27 18 24 22 19 19 18 19 16 
15 37 20 29 13 28 32 23 17 26 25 24 19 20 19 16 20 10 18 27 28 23 17 19 13 22 21 25 32 25 9 34 21 18 28 36 27 44 22 19 
27 19 23 28 10 16 17 40 15 27 22 11 29 9 12 15 17 25 18 30 18 9 15 18 22 16 25 30 20 17 6 32 17 17 23 30 16 21 34 13 
21 16 16 13 1 9 11 16 10 13 11 10 17 18 20 23 4 6 16 12 12 10 4 9 17 8 21 14 23 17 8 21 23 8 18 11 5 20 16 8 
44 31 37 56 21 22 51 35 52 37 42 75 44 30 25 84 32 37 27 46 41 16 63 42 34 56 29 44 48 17 13 55 32 69 50 38 38 19 37 24 
32 43 41 27 15 53 44 40 38 60 38 40 53 146 52 38 35 60 34 38 24 29 31 29 31 34 50 45 53 80 46 50 60 48 46 57 61 29 42 44 
27 49 16 13 9 17 26 31 23 22 19 11 23 16 22 20 52 17 31 12 21 14 16 10 20 28 13 14 13 23 6 23 18 22 17 27 13 33 25 20 
24 29 28 23 7 28 27 31 25 29 34 28 26 44 22 21 28 25 31 22 25 30 34 21 34 28 24 36 19 30 19 13 34 13 20 35 14 26 25 33 
25 31 32 18 23 31 27 25 21 20 23 17 21 34 20 102 24 22 27 27 21 10 26 23 33 21 15 23 29 17 22 22 26 24 18 25 12 24 26 10 
16 19 20 15 9 6 13 23 13 9 14 23 8 13 7 15 10 13 14 12 13 13 11 15 15 14 16 14 14 27 14 29 27 19 27 18 19 13 8 6 
14 15 19 19 15 9 10 8 9 15 16 24 20 18 7 23 20 16 14 9 12 16 10 5 30 23 21 19 21 18 8 24 18 8 18 18 32 29 27 28 
31 87 69 41 32 57 40 39 54 48 29 29 44 44 50 35 54 35 43 65 25 55 31 35 55 45 58 38 59 92 54 28 35 38 41 49 41 34 38 57 
67 111 43 95 18 63 58 49 47 50 57 45 62 39 44 59 46 41 43 36 55 40 76 51 45 63 58 57 75 59 43 51 113 68 57 64 57 57 54 51 
30 22 10 29 22 18 19 11 26 25 17 23 22 18 16 19 21 22 16 13 12 25 16 34 67 12 32 25 13 39 7 14 20 31 30 36 15 31 9 23 
34 30 31 21 17 36 23 43 36 17 45 39 53 18 54 17 25 39 30 36 22 19 23 24 18 88 42 24 32 18 14 45 28 35 36 21 21 33 24 18 
70 50 33 44 38 40 43 68 48 46 63 63 63 53 58 231 45 75 61 59 30 39 73 56 47 67 36 58 73 39 34 60 41 69 64 52 41 64 55 31 
4 4 3 10 7 2 6 4 5 4 3 5 0 2 2 9 7 5 6 7 7 6 6 8 2 6 4 3 8 4 7 6 6 5 5 4 8 4 8 1 
31 60 35 30 23 69 23 38 60 94 54 50 21 61 62 38 40 66 31 66 20 32 45 51 34 50 55 47 38 38 23 43 51 43 45 25 42 39 33 32 
37 47 27 33 22 24 31 44 50 35 33 37 14 45 30 26 19 36 28 32 17 42 42 30 24 37 45 42 19 46 34 29 35 38 27 37 25 23 28 32 
46 34 45 37 22 25 43 31 24 35 18 48 14 29 32 44 22 31 30 39 33 25 43 31 21 18 41 59 36 34 14 24 25 47 28 35 26 28 71 313 
