64 37 32 65 35 45 34 31 40 42 39 54 47 47 54 33 156 50 46 41 44 45 54 34 27 44 24 40 267 30 22 138 66 26 23 24 35 37 29 113 39 41 62 49 37 32 34 51 31 70 
33 26 34 38 46 33 39 26 29 34 35 49 37 38 116 14 105 31 39 27 24 53 31 22 24 53 16 47 83 24 23 83 41 30 31 43 24 25 36 364 40 44 63 27 41 55 39 31 36 42 
52 31 59 53 35 37 50 25 21 55 41 62 49 41 72 19 402 28 55 19 41 38 37 19 26 33 17 53 37 32 19 35 51 26 27 23 43 38 22 60 52 37 64 40 38 41 52 38 52 42 
26 29 36 25 29 40 47 38 18 64 34 53 34 43 48 16 113 37 38 25 35 32 67 27 33 22 43 19 54 44 20 38 39 15 38 36 47 19 27 26 39 51 64 29 27 31 49 43 35 55 
38 46 56 27 29 23 59 51 30 56 44 35 34 23 21 30 18 53 36 39 41 40 41 32 28 38 71 31 29 39 22 33 31 43 51 46 18 26 38 20 44 34 26 68 41 39 39 46 28 47 
13 8 17 6 16 14 7 16 8 10 21 5 8 20 9 9 7 13 15 13 10 15 9 10 23 17 20 14 6 20 12 8 8 7 9 5 12 24 9 9 9 14 10 8 5 17 14 11 12 23 
39 28 49 33 46 29 38 47 21 39 17 44 25 44 20 47 29 36 43 55 37 44 31 31 30 38 38 35 21 34 25 34 40 36 29 26 29 17 34 15 24 30 37 29 24 39 28 40 29 26 
21 17 14 12 15 13 9 12 12 5 23 13 19 12 21 22 9 13 18 23 19 21 19 16 8 17 21 24 14 23 29 11 10 21 16 23 13 13 17 12 19 15 10 14 21 17 22 28 8 10 
21 25 8 16 16 27 26 21 11 13 25 10 21 19 10 41 15 13 13 17 14 8 17 35 16 17 25 17 17 12 28 16 22 18 17 23 20 16 22 12 20 18 16 21 8 22 30 10 19 17 
16 16 22 11 15 19 21 15 12 18 12 25 20 10 14 14 11 20 24 18 21 16 9 15 20 26 13 12 18 13 6 7 16 25 11 20 10 17 18 6 24 14 17 11 24 19 19 15 12 22 
11 8 7 6 13 15 22 11 8 11 5 11 7 6 4 19 2 16 9 14 2 13 15 9 13 8 14 14 4 10 15 9 11 8 9 12 15 12 8 4 8 13 13 16 15 8 12 18 15 8 
25 34 44 38 34 30 22 49 11 22 38 34 42 40 24 40 18 25 27 58 39 20 32 20 36 44 41 22 27 33 30 19 22 20 48 29 39 38 36 14 27 40 33 38 30 32 35 23 28 43 
45 41 29 37 51 24 38 37 45 26 39 30 58 32 28 40 25 38 40 25 25 35 32 43 31 31 38 36 22 31 80 32 40 78 34 35 30 34 34 27 36 48 33 31 27 16 23 31 68 27 
18 11 22 14 16 24 20 31 6 12 11 20 17 13 8 25 5 25 10 14 2 22 20 33 24 41 16 15 20 15 13 16 18 21 10 14 17 44 23 2 10 15 10 16 16 9 12 19 7 10 
19 22 8 16 28 45 20 26 17 21 23 30 19 18 6 24 6 13 18 27 17 24 24 20 12 23 20 20 16 20 29 33 24 29 21 17 16 18 17 12 19 16 27 23 19 19 19 23 27 35 
18 22 24 13 12 10 16 12 17 26 13 24 28 16 53 16 12 22 23 31 81 12 19 17 21 12 25 36 11 16 20 8 23 19 17 16 21 20 19 5 20 16 15 16 16 20 16 11 27 14 
16 8 9 8 15 13 11 24 10 8 7 16 9 22 12 13 8 7 17 12 8 5 9 16 13 20 14 12 4 8 14 8 17 14 13 18 12 15 18 10 14 8 10 5 7 14 20 9 15 9 
9 14 12 13 14 15 8 13 16 29 13 7 15 8 12 14 5 20 17 13 20 26 16 13 16 11 29 11 9 17 9 16 12 14 19 9 6 6 11 3 15 14 7 17 11 30 16 10 12 13 
59 57 40 38 47 36 30 30 37 33 26 33 29 27 20 26 18 25 28 34 31 22 19 44 51 23 53 26 31 56 65 56 35 51 41 41 31 52 35 57 40 38 38 16 52 38 26 34 42 17 
74 52 53 49 35 42 52 67 40 43 61 23 48 47 29 45 17 54 24 55 32 35 54 78 50 42 70 27 31 57 59 49 43 43 38 51 41 37 65 26 54 22 36 28 43 47 40 65 45 49 
8 15 16 16 18 16 22 11 10 35 29 20 10 17 13 23 15 25 9 13 10 13 24 20 21 19 21 16 14 25 20 18 14 18 29 22 27 15 15 9 14 21 15 11 22 9 28 26 17 16 
16 25 34 32 28 26 16 36 10 28 17 20 31 30 9 44 17 25 32 16 24 24 28 22 41 26 32 28 14 33 9 18 20 22 32 30 26 22 30 5 22 20 18 39 14 29 36 25 20 28 
61 50 45 48 37 39 28 38 28 33 32 45 37 34 68 45 29 57 35 62 73 49 41 65 45 26 61 52 32 60 46 29 30 29 53 43 56 54 57 24 50 56 50 40 64 55 70 42 43 34 
4 6 4 3 8 5 4 6 3 6 3 2 5 7 6 1 2 2 6 3 7 5 1 4 3 5 5 4 9 6 4 0 3 1 5 4 5 2 4 4 1 6 5 1 2 4 5 5 3 4 
22 49 29 34 46 32 38 34 21 24 33 31 17 25 30 54 11 40 29 36 33 20 32 52 54 66 39 22 24 32 42 28 22 57 49 31 44 51 30 30 38 34 37 29 54 43 38 33 20 19 
32 21 35 49 27 32 23 24 26 8 22 18 16 15 18 34 18 30 25 24 17 30 21 28 28 20 26 23 21 40 56 37 30 21 27 20 19 40 25 31 35 27 18 25 20 16 18 26 35 25 
29 31 18 33 22 27 29 32 233 21 21 29 31 29 21 28 14 19 42 24 33 22 41 34 21 16 38 28 18 49 34 53 27 33 18 34 32 34 24 16 23 28 27 20 15 61 23 13 29 24 
